P 9.48309458139 11.9738495658 0 6 1
P 0.519725855342 3.74529062212 1 100 5
P 18.4464633074 20.2024085095 2 100 5
P 8.59312044277 7.39696117189 0 23 1
P 10.37306872 16.5507379598 0 23 1
P 0.0 11.7284939181 0 28 1
P 18.9661891628 12.2192052136 0 28 1
P 16.447025677 9.20685513051 0 62 1
P 2.51916348577 14.7408440012 0 62 1
P 9.79119589267 9.60369382476 0 1 2
P 9.17499327011 14.3440053069 0 1 2
P 18.7056883517 16.0284196153 0 63 3
P 0.260500811103 7.91927951641 0 63 3
P 17.5118442581 0.0 0 21 1
P 1.45434490471 23.9476991317 0 21 1
P 3.46432916666 22.7122437078 0 75 1
P 15.5018599961 1.23545542385 0 75 1
P 10.404425638 8.20035370006 0 88 2
P 8.56176352474 15.7473454316 0 88 2
P 11.3193548183 21.755494656 0 77 1
P 7.64683434446 2.1922044757 0 77 1
P 0.479143368897 9.42853957969 0 59 1
P 18.4870457939 14.519159552 0 59 1
