P 11.5097477312 11.1479936633 0 109 3
P 7.47859455653 11.5115667828 1 100 5
P 15.5409009059 10.7844205438 2 100 5
P 23.0194954624 6.60254050161 0 55 4
P 0.0 15.693446825 0 55 4
P 7.61129343082 15.2732931537 0 52 2
P 15.4082020316 7.02269417287 0 52 2
P 20.7072901676 14.5558236748 0 39 5
P 2.31220529484 7.74016365181 0 39 5
P 15.40536456 21.9749354953 0 41 2
P 7.61413090243 0.321051831314 0 41 2
P 21.8180712477 9.76442462643 0 4 5
P 1.20142421476 12.5315627002 0 4 5
P 12.3583058956 7.92484817376 0 30 5
P 10.6611895669 14.3711391528 0 30 5
P 9.00890085041 20.5896979983 0 67 1
P 14.010594612 1.70628932832 0 67 1
P 6.19892738146 3.53492192031 0 4 4
P 16.820568081 18.7610654063 0 4 4
P 13.4836862988 11.9849700577 0 41 3
P 9.53580916368 10.3110172689 0 41 3
P 20.3476948487 0.0 0 50 5
P 2.67180061371 22.2959873266 0 50 5
