P 10.5356478724 11.6856468748 0 33 0
P 10.1600822107 23.3712937497 1 100 5
P 10.9112135341 0.0 2 100 5
P 1.44086643255 19.2640131594 0 55 3
P 19.6304293122 4.10728059025 0 55 3
P 13.9105050528 0.837109454433 0 78 2
P 7.160790692 22.5341842953 0 78 2
P 7.22702563274 15.366034476 0 13 4
P 13.844270112 8.00525927366 0 13 4
P 6.97131573746 7.53693938652 0 57 4
P 14.0999800073 15.8343543632 0 57 4
P 21.0712957448 18.6507012146 0 40 3
P 0.0 4.72059253513 0 40 3
P 6.88137291636 4.31996195967 0 75 1
P 14.1899228284 19.05133179 0 75 1
P 12.76454808 20.8480553638 0 1 3
P 8.30674766478 2.5232383859 0 1 3
P 2.18405111595 22.0897048371 0 11 2
P 18.8872446288 1.28158891255 0 11 2
P 0.922016145958 11.6840654555 0 48 2
P 20.1492795988 11.6872282942 0 48 2
P 5.81000238985 18.3533705697 0 46 1
P 15.2612933549 5.01792318001 0 46 1
