P 11.1388366683 11.5381765647 0 90 5
P 8.35705907458 13.575620889 1 100 5
P 13.920614262 9.5007322405 2 100 5
P 8.5561169322 14.911034984 0 51 1
P 13.7215564044 8.16531814548 0 51 1
P 14.8531326822 2.39564922171 0 76 2
P 7.42454065435 20.6807039078 0 76 2
P 9.6184688864 16.0763625892 0 53 2
P 12.6592044501 6.99999054025 0 53 2
P 5.47016822669 7.08321885124 0 80 3
P 16.8075051099 15.9931342783 0 80 3
P 0.0 6.84280677017 0 73 2
P 22.2776733365 16.2335463593 0 73 2
P 19.4722344877 22.2796780277 0 3 1
P 2.80543884889 0.796675101824 0 3 1
P 13.4836250873 0.0 0 27 5
P 8.79404824927 23.0763531295 0 27 5
P 15.6237932329 9.53525182132 0 48 4
P 6.65388010362 13.5411013082 0 48 4
P 11.9964015399 17.3685950342 0 51 3
P 10.2812717966 5.70775809527 0 51 3
P 8.27233776615 4.73129776605 0 72 5
P 14.0053355704 18.3450553634 0 72 5
