P 11.6134468076 10.8272629502 0 139 5
P 0.372845780396 12.8541993329 1 100 5
P 22.8540478348 8.80032656755 2 100 5
P 15.0627481569 14.4463044239 0 55 3
P 8.16414545831 7.20822147657 0 55 3
P 13.5475105446 0.912053466873 0 31 4
P 9.67938307057 20.7424724336 0 31 4
P 15.3581557111 0.0 0 32 2
P 7.86873790415 21.6545259005 0 32 2
P 5.72721442418 2.42350305141 0 25 1
P 17.499679191 19.2310228491 0 25 1
P 8.63105973892 12.5360523396 0 21 4
P 14.5958338763 9.11847356089 0 21 4
P 23.2268936152 19.1190532224 0 32 5
P 0.0 2.53547267806 0 32 5
P 3.64193119002 5.74567901993 0 77 5
P 19.5849624252 15.9088468806 0 77 5
P 7.29125376065 13.3382692189 0 5 3
P 15.9356398546 8.31625668162 0 5 3
P 5.05247935265 20.1617713811 0 63 5
P 18.1744142626 1.49275451938 0 63 5
P 16.4388970944 5.79577726826 0 9 3
P 6.7879965208 15.8587486322 0 9 3
