P 10.9141015668 11.2275818093 0 13 4
P 13.7415466179 4.97597614969 1 100 5
P 8.08665651562 17.4791874689 2 100 5
P 10.2202803527 5.45264347295 0 11 4
P 11.6079227808 17.0025201456 0 11 4
P 15.4885238864 10.6577962557 0 68 1
P 6.33967924709 11.7973673628 0 68 1
P 19.9516345467 12.7570036402 0 13 2
P 1.87656858677 9.6981599784 0 13 2
P 5.4597427988 18.3884718812 0 44 4
P 16.3684603347 4.06669173737 0 44 4
P 0.0 10.5020200841 0 34 2
P 21.8282031335 11.9531435345 0 34 2
P 2.31647393673 14.838204921 0 61 3
P 19.5117291968 7.61695869755 0 61 3
P 0.728151701341 19.4676254892 0 59 2
P 21.1000514322 2.98753812935 0 59 2
P 8.00581971882 8.15365801817 0 87 1
P 13.8223834147 14.3015056004 0 87 1
P 5.30271790626 10.3433060796 0 78 4
P 16.5254852272 12.111857539 0 78 4
P 0.467750817054 0.0 0 30 3
P 21.3604523165 22.4551636186 0 30 3
