P 11.9348799847 10.1471365185 0 68 2
P 11.1777893588 2.3418943276 1 100 5
P 12.6919706105 17.9523787095 2 100 5
P 4.358598204 6.42832967267 0 15 2
P 19.5111617654 13.8659433644 0 15 2
P 16.2301151271 2.82876362071 0 15 2
P 7.63964484223 17.4655094164 0 15 2
P 3.62307787449 2.46652218299 0 12 5
P 20.2466820949 17.8277508541 0 12 5
P 14.6021591934 20.2942730371 0 90 2
P 9.26760077593 0.0 0 90 2
P 9.71647301345 17.5431853124 0 28 2
P 14.1532869559 2.7510877247 0 28 2
P 20.4209288955 9.29374481834 0 59 2
P 3.4488310739 11.0005282187 0 59 2
P 22.866703516 15.0297400489 0 15 2
P 1.00305645333 5.26453298816 0 15 2
P 20.9608704596 0.867833676885 0 78 3
P 2.90888950975 19.4264393602 0 78 3
P 21.3483804101 7.21398559416 0 13 2
P 2.52137955926 13.0802874429 0 13 2
P 0.0 12.8004085301 0 86 2
P 23.8697599694 7.493864507 0 86 2
