P 10.6483671643 10.5056610424 0 38 3
P 16.7333677873 13.0705180653 1 100 5
P 4.56336654134 7.94080401957 2 100 5
P 11.8235848858 14.358452506 0 84 1
P 9.47314944288 6.65286957887 0 84 1
P 1.49986893233 15.882189765 0 72 4
P 19.7968653963 5.12913231983 0 72 4
P 12.7239002697 3.9729197315 0 2 4
P 8.57283405893 17.0384023534 0 2 4
P 6.67942004082 7.24165999755 0 15 3
P 14.6173142878 13.7696620873 0 15 3
P 21.2967343286 2.41912915301 0 18 5
P 0.0 18.5921929319 0 18 5
P 7.6842378456 19.8465069597 0 31 4
P 13.612496483 1.16481512521 0 31 4
P 3.79882518858 5.31930845551 0 49 4
P 17.4979091401 15.6920136294 0 49 4
P 11.7393762322 13.0438751318 0 12 3
P 9.55735809643 7.96744695307 0 12 3
P 17.2362023441 11.7979295957 0 36 1
P 4.06053198456 9.21339248921 0 36 1
P 5.79132574631 21.0113220849 0 33 2
P 15.5054085823 0.0 0 33 2
