P 11.2640374398 11.7116720774 0 45 1
P 10.4856657396 1.51940583905 1 100 5
P 12.04240914 21.9039383158 2 100 5
P 16.0761688273 13.6930388461 0 2 1
P 6.45190605223 9.73030530877 0 2 1
P 10.0438315584 19.1070754704 0 18 1
P 12.4842433211 4.31626868449 0 18 1
P 6.58106160487 17.4025159189 0 34 5
P 15.9470132747 6.02082823595 0 34 5
P 22.5280748796 12.319409661 0 73 4
P 0.0 11.1039344939 0 73 4
P 9.23428694927 23.4233441549 0 72 4
P 13.2937879303 0.0 0 72 4
P 6.77373795279 5.73869015658 0 69 5
P 15.7543369268 17.6846539983 0 69 5
P 1.46121274614 14.4116468157 0 59 2
P 21.0668621334 9.01169733914 0 59 2
P 19.7363845033 22.4580505077 0 26 1
P 2.79169037624 0.965293647155 0 26 1
P 4.33323707227 19.8172352996 0 90 5
P 18.1948378073 3.60610885523 0 90 5
P 4.72096811609 22.9088998523 0 85 3
P 17.8071067635 0.514444302578 0 85 3
