P 10.4673744826 11.4738144911 0 130 1
P 15.6925011315 9.41359356907 1 100 5
P 5.24224783382 13.5340354131 2 100 5
P 11.9490000184 12.2752843704 0 21 3
P 8.98574894684 10.6723446118 0 21 3
P 12.9166325642 9.92289378459 0 78 5
P 8.01811640108 13.0247351976 0 78 5
P 20.4343134764 11.3290716413 0 6 3
P 0.50043548886 11.6185573409 0 6 3
P 4.08271191944 12.8837385645 0 4 1
P 16.8520370458 10.0638904177 0 4 1
P 19.9649167858 3.80734141792 0 73 4
P 0.969832179498 19.1402875643 0 73 4
P 15.430727468 18.7454993252 0 63 4
P 5.50402149723 4.20212965702 0 63 4
P 20.9347489653 22.9476289822 0 2 1
P 0.0 0.0 0 2 1
P 0.098888335047 22.0107162943 0 2 4
P 20.8358606302 0.936912687927 0 2 4
P 9.55232406778 7.97589209273 0 77 4
P 11.3824248975 14.9717368895 0 77 4
P 0.306516890678 15.3633774029 0 3 2
P 20.6282320746 7.58425157933 0 3 2
