P 11.5885973075 9.29487389364 0 10 0
P 6.32525843545 15.6895692345 1 100 5
P 16.8519361796 2.90017855277 2 100 5
P 8.18889509607 16.986687271 0 45 2
P 14.988299519 1.6030605163 0 45 2
P 22.282421057 0.0 0 14 5
P 0.894773558054 18.5897477873 0 14 5
P 17.7064014068 9.7714794468 0 43 5
P 5.47079320823 8.81826834047 0 43 5
P 14.5245744132 15.7910830502 0 24 5
P 8.65262020187 2.7986647371 0 24 5
P 23.1771946151 14.9617967681 0 45 2
P 0.0 3.62795101916 0 45 2
P 18.96695674 2.70508216174 0 67 1
P 4.21023787509 15.8846656255 0 67 1
P 12.0353942252 4.33394034262 0 42 2
P 11.1418003899 14.2558074447 0 42 2
P 6.67058930067 12.5106611011 0 42 2
P 16.5066053144 6.0790866862 0 42 2
P 6.73413850377 5.06005222494 0 7 2
P 16.4430561113 13.5296955623 0 7 2
P 9.84683049331 15.8003496347 0 20 4
P 13.3303641218 2.78939815256 0 20 4
