P 11.1297045304 11.2925740521 0 70 2
P 18.2556611801 10.5485749696 1 100 5
P 4.0037478806 12.0365731347 2 100 5
P 11.6048113238 0.823329830925 0 45 2
P 10.6545977369 21.7618182733 0 45 2
P 19.1598813306 4.00017123196 0 23 3
P 3.09952773014 18.5849768723 0 23 3
P 14.9534178633 11.1899749628 0 25 2
P 7.30599119745 11.3951731414 0 25 2
P 2.2211968949 22.4127812109 0 72 4
P 20.0382121658 0.172366893272 0 72 4
P 20.3345611151 15.2518299698 0 43 5
P 1.92484794559 7.33331813441 0 43 5
P 8.08719553355 13.5046486561 0 55 3
P 14.1722135272 9.08049944807 0 55 3
P 12.1707823611 19.9780853034 0 23 1
P 10.0886266996 2.60706280082 0 23 1
P 0.0 22.5851481042 0 70 3
P 22.2594090607 0.0 0 70 3
P 1.28120145461 18.5627992208 0 41 4
P 20.9782076061 4.02234888341 0 41 4
P 0.974588534642 10.8218224153 0 88 4
P 21.2848205261 11.7633256889 0 88 4
