P 10.9687496542 11.209675976 0 150 1
P 9.80824567953 21.6148271318 1 100 5
P 12.1292536289 0.804524820242 2 100 5
P 0.0 11.1567959015 0 7 4
P 21.9374993084 11.2625560506 0 7 4
P 13.2217503464 2.66294867069 0 55 4
P 8.71574896202 19.7564032814 0 55 4
P 20.5147499693 6.355411046 0 59 1
P 1.4227493391 16.0639409061 0 59 1
P 18.2017039995 22.4193519521 0 6 5
P 3.73579530893 0.0 0 6 5
P 20.3381404064 17.5521822218 0 63 2
P 1.59935890201 4.86716973032 0 63 2
P 11.7303018009 3.41609568729 0 90 1
P 10.2071975076 19.0032562648 0 90 1
P 11.0608263806 16.9608895337 0 10 5
P 10.8766729278 5.45846241837 0 10 5
P 14.9049524572 3.82197834951 0 63 3
P 7.03254685121 18.5973736026 0 63 3
P 3.68849464839 17.588139359 0 16 4
P 18.24900466 4.83121259312 0 16 4
P 11.7887707203 7.15326235382 0 23 2
P 10.1487285881 15.2660895983 0 23 2
