P 11.7875902665 10.5234156079 0 146 2
P 21.1917185074 2.2630338124 1 100 5
P 2.38346202556 18.7837974034 2 100 5
P 7.71275337779 11.5636721224 0 48 4
P 15.8624271551 9.48315909337 0 48 4
P 6.71755927259 16.1619264768 0 64 1
P 16.8576212603 4.88490473895 0 64 1
P 11.5186522955 6.08409960148 0 90 3
P 12.0565282374 14.9627316143 0 90 3
P 9.65743138331 6.99320238998 0 42 1
P 13.9177491496 14.0536288258 0 42 1
P 23.5751805329 6.89240016825 0 75 3
P 0.0 14.1544310475 0 75 3
P 4.31493015703 0.637480438415 0 12 3
P 19.2602503759 20.4093507774 0 12 3
P 15.3464253221 14.782716398 0 76 3
P 8.22875521089 6.26411481783 0 76 3
P 21.9628504565 0.0 0 73 4
P 1.61233007647 21.0468312158 0 73 4
P 13.0341347973 18.1977064292 0 35 5
P 10.5410457356 2.84912478657 0 35 5
P 13.3763851423 10.7602640504 0 32 4
P 10.1987953907 10.2865671654 0 32 4
