P 10.8731806472 11.9909663268 0 91 4
P 4.71115455576 16.8124218388 1 100 5
P 17.0352067386 7.16951081476 2 100 5
P 18.3569678842 12.6021983697 0 37 5
P 3.38939341012 11.3797342839 0 37 5
P 0.0 12.200843276 0 85 5
P 21.7463612943 11.7810893776 0 85 5
P 7.25821989485 23.9819326536 0 8 4
P 14.4881413995 0.0 0 8 4
P 14.6513556745 20.3198774261 0 36 3
P 7.09500561984 3.66205522753 0 36 3
P 9.93714798964 21.3056189149 0 49 3
P 11.8092133047 2.67631373875 0 49 3
P 16.5322518969 3.61447564654 0 84 3
P 5.21410939742 20.3674570071 0 84 3
P 3.20513388174 18.7093319678 0 89 2
P 18.5412274126 5.27260068577 0 89 2
P 11.3915177577 6.58146276794 0 10 1
P 10.3548435367 17.4004698857 0 10 1
P 7.63169636145 6.36090375473 0 50 3
P 14.1146649329 17.6210288989 0 50 3
P 18.6776814095 23.5667297576 0 73 1
P 3.06867988487 0.415202896018 0 73 1
