P 9.10272829932 11.634259389 0 107 4
P 18.2054565986 14.0257151406 1 100 5
P 0.0 9.24280363743 2 100 5
P 1.52980075728 2.00522637474 0 1 1
P 16.6756558414 21.2632924033 0 1 1
P 3.53688649206 9.04387406803 0 70 3
P 14.6685701066 14.22464471 0 70 3
P 6.58591639519 0.191720082162 0 69 1
P 11.6195402035 23.0767986958 0 69 1
P 5.5772360658 22.1318431609 0 80 4
P 12.6282205328 1.13667561712 0 80 4
P 17.8716871693 0.0 0 32 1
P 0.333769429386 23.268518778 0 32 1
P 11.8055786356 14.5709789356 0 67 3
P 6.39987796306 8.69753984236 0 67 3
P 7.48549580396 6.93069531144 0 28 1
P 10.7199607947 16.3378234666 0 28 1
P 11.9133955355 20.9468749327 0 89 2
P 6.29206106319 2.32164384532 0 89 2
P 14.164337356 8.37261644182 0 12 1
P 4.04111924266 14.8959023362 0 12 1
P 11.3586350059 18.6406462619 0 50 4
P 6.84682159273 4.62787251613 0 50 4
