P 11.1627671276 11.4683948359 0 76 4
P 1.12400941711 4.55358070758 1 100 5
P 21.201524838 18.3832089643 2 100 5
P 19.5993303905 3.79139376212 0 90 3
P 2.72620386465 19.1453959098 0 90 3
P 6.32899398059 22.2928977487 0 88 4
P 15.9965402746 0.643891923204 0 88 4
P 7.2348405931 0.682863057682 0 51 5
P 15.0906936621 22.2539266142 0 51 5
P 15.1185962818 12.0129301064 0 90 5
P 7.20693797338 10.9238595655 0 90 5
P 2.15760698641 20.4818511822 0 43 3
P 20.1679272687 2.45493848971 0 43 3
P 22.3255342552 0.207436994783 0 45 4
P 0.0 22.7293526771 0 45 4
P 6.70627577128 15.3877095805 0 66 4
P 15.6192584839 7.54908009143 0 66 4
P 12.490104236 0.0 0 29 4
P 9.83543001918 22.9367896719 0 29 4
P 8.63416791684 19.6583804951 0 10 1
P 13.6913663383 3.27840917675 0 10 1
P 4.02152897343 8.58108433099 0 18 5
P 18.3040052817 14.3557053409 0 18 5
