P 10.750528764 10.5001351671 0 58 1
P 0.0481189407585 0.0 1 100 5
P 21.4529385872 21.0002703342 2 100 5
P 0.0 7.33611569082 0 21 4
P 21.5010575279 13.6641546434 0 21 4
P 8.797233018 13.2856561574 0 69 3
P 12.7038245099 7.71461417687 0 69 3
P 15.7119401228 14.5027390384 0 55 5
P 5.78911740515 6.49753129588 0 55 5
P 19.1974663544 2.20286289007 0 68 5
P 2.30359117352 18.7974074442 0 68 5
P 10.4744256753 4.34827058768 0 47 1
P 11.0266318526 16.6519997466 0 47 1
P 10.5530858726 8.44081091552 0 22 5
P 10.9479716553 12.5594594187 0 22 5
P 13.6146402923 5.7581455971 0 13 1
P 7.88641723566 15.2421247371 0 13 1
P 2.02836437244 13.3836053993 0 33 2
P 19.4726931555 7.6166649349 0 33 2
P 3.50520764286 7.38701933038 0 41 5
P 17.9958498851 13.6132510039 0 41 5
P 4.58786242961 13.3292527577 0 47 1
P 16.9131950983 7.67101757653 0 47 1
