P 10.1522827698 11.5035162664 0 87 0
P 0.0 15.4063618405 1 100 5
P 20.3045655396 7.60067069224 2 100 5
P 12.7279911098 21.5884277225 0 15 1
P 7.57657442976 1.41860481028 0 15 1
P 9.07079575825 9.42923163546 0 19 4
P 11.2337697813 13.5778008973 0 19 4
P 7.08495310466 0.0 0 30 2
P 13.2196124349 23.0070325327 0 30 2
P 11.2103134174 10.1757418575 0 10 4
P 9.09425212219 12.8312906752 0 10 4
P 7.34099867892 20.4321655084 0 5 5
P 12.9635668607 2.57486702432 0 5 5
P 0.602441509139 14.0851168387 0 21 1
P 19.7021240305 8.92191569407 0 21 1
P 14.2787542726 12.8221938746 0 35 3
P 6.02581126704 10.1848386581 0 35 3
P 15.1461065495 14.6861047695 0 52 1
P 5.15845899008 8.32092776323 0 52 1
P 12.6317438443 11.0020808851 0 1 4
P 7.67282169528 12.0049516477 0 1 4
P 10.8474938278 2.9975628015 0 24 3
P 9.45707171181 20.0094697312 0 24 3
