P 11.9168179943 11.5020142472 0 48 4
P 0.419392279854 1.19860270433 1 100 5
P 23.4142437087 21.8054257901 2 100 5
P 2.1200286447 0.224674149401 0 87 4
P 21.7136073438 22.779354345 0 87 4
P 14.5027140919 6.70346168449 0 31 3
P 9.33092189668 16.3005668099 0 31 3
P 18.1872926831 23.0040284944 0 90 3
P 5.64634330548 0.0 0 90 3
P 7.52107411798 18.0449664766 0 87 2
P 16.3125618706 4.95906201787 0 87 2
P 23.8336359885 2.08333497888 0 3 3
P 0.0 20.9206935156 0 3 3
P 4.87818482617 7.07783233057 0 48 5
P 18.9554511624 15.9261961639 0 48 5
P 15.5321012194 12.5029184999 0 69 2
P 8.30153476909 10.5011099946 0 69 2
P 8.19403872025 7.15005093614 0 5 3
P 15.6395972683 15.8539775583 0 5 3
P 12.0792953422 8.72242280464 0 33 2
P 11.7543406463 14.2816056898 0 33 2
P 12.5289969678 16.6475210296 0 6 5
P 11.3046390207 6.35650746481 0 6 5
