P 10.7833579895 11.3194345919 0 68 4
P 14.3832570243 21.6864469163 1 100 5
P 7.18345895463 0.952422267379 2 100 5
P 20.88039494 2.74091545054 0 4 1
P 0.686321038984 19.8979537332 0 4 1
P 0.0 5.49782040145 0 68 5
P 21.5667159789 17.1410487823 0 68 5
P 6.124471625 0.0269492240752 0 31 1
P 15.4422443539 22.6119199596 0 31 1
P 3.21146700534 19.6465037144 0 46 2
P 18.3552489736 2.99236546928 0 46 2
P 3.43383495938 3.93075202429 0 51 2
P 18.1328810196 18.7081171594 0 51 2
P 6.85628139676 9.48782861988 0 38 1
P 14.7104345822 13.1510405638 0 38 1
P 20.6231196304 14.2423244738 0 8 4
P 0.943596348532 8.39654470992 0 8 4
P 17.1055500685 19.2368596175 0 39 1
P 4.46116591048 3.40200956621 0 39 1
P 4.23276418111 22.6388691837 0 90 3
P 17.3339517978 0.0 0 90 3
P 9.17663111764 4.95686380677 0 34 5
P 12.3900848613 17.682005377 0 34 5
