P 11.2314405091 10.984020808 0 37 4
P 22.4628810183 12.7148789941 1 100 5
P 0.0 9.25316262181 2 100 5
P 4.40307010946 14.6087091465 0 74 4
P 18.0598109088 7.35933246945 0 74 4
P 21.7817453746 1.82976867847 0 63 2
P 0.681135643674 20.1382729375 0 63 2
P 15.2163693433 2.79321207481 0 66 4
P 7.24651167496 19.1748295411 0 66 4
P 5.60833915001 9.84767118727 0 77 2
P 16.8545418683 12.1203704287 0 77 2
P 17.3361122761 21.5765300478 0 84 4
P 5.12676874221 0.391511568105 0 84 4
P 0.705360324269 11.8545262523 0 4 4
P 21.757520694 10.1135153636 0 4 4
P 18.5075942279 17.5445716494 0 77 1
P 3.95528679042 4.42346996657 0 77 1
P 17.1075530879 8.50448880878 0 82 2
P 5.35532793039 13.4635528071 0 82 2
P 19.4642937788 0.0 0 59 4
P 2.99858723948 21.9680416159 0 59 4
P 8.37692775311 17.768177466 0 41 2
P 14.0859532652 4.19986414994 0 41 2
