P 10.1178713979 10.5482147172 0 89 5
P 19.6964182274 2.0521015078 1 100 5
P 0.539324568438 19.0443279266 2 100 5
P 18.1871760719 8.77716045653 0 25 2
P 2.0485667239 12.3192689779 0 25 2
P 17.1503964983 6.52138367561 0 82 5
P 3.08534629753 14.5750457588 0 82 5
P 11.9223902343 14.864726868 0 69 4
P 8.31335256156 6.23170256643 0 69 4
P 13.5990743586 17.0113670088 0 65 5
P 6.63666843724 4.08506242562 0 65 5
P 1.74771810628 8.08139710463 0 42 5
P 18.4880246896 13.0150323298 0 42 5
P 0.0 21.0964294344 0 20 2
P 20.2357427958 0.0 0 20 2
P 7.38420326944 1.73085960665 0 78 1
P 12.8515395264 19.3655698278 0 78 1
P 13.2743024582 14.2390064124 0 60 2
P 6.96144033764 6.85742302198 0 60 2
P 7.6602237179 20.3165395449 0 16 1
P 12.5755190779 0.77988988951 0 16 1
P 6.47148934811 17.9293998737 0 74 4
P 13.7642534477 3.16702956071 0 74 4
