P 11.7973667652 11.0165819281 0 89 3
P 10.1057313552 7.24983317265 1 100 5
P 13.4890021752 14.7833306835 2 100 5
P 16.2446231658 19.8762480464 0 66 5
P 7.35011036464 2.15691580979 0 66 5
P 11.8146822635 7.42365385477 0 49 2
P 11.7800512669 14.6095100014 0 49 2
P 23.4793477851 1.65830823301 0 82 3
P 0.115385745301 20.3748556231 0 82 3
P 5.9929904199 17.9714898306 0 85 1
P 17.6017431105 4.06167402553 0 85 1
P 23.5947335304 19.7492889142 0 11 4
P 0.0 2.28387494198 0 11 4
P 21.0297136917 11.1404839582 0 5 3
P 2.56501983868 10.892679898 0 5 3
P 7.46660406139 0.0 0 38 3
P 16.128129469 22.0331638561 0 38 3
P 20.4609900649 19.4102566494 0 40 1
P 3.13374346553 2.62290720672 0 40 1
P 12.2577216062 5.06057971104 0 38 2
P 11.3370119242 16.9725841451 0 38 2
P 8.46082481486 11.1970860331 0 29 4
P 15.1339087155 10.836077823 0 29 4
