P 11.5223853536 10.1759626205 0 37 3
P 21.8578580605 2.13795068389 1 100 5
P 1.18691264665 18.213974557 2 100 5
P 23.0447707071 14.6258800094 0 81 5
P 0.0 5.72604523148 0 81 5
P 13.2149313941 2.37254253116 0 65 5
P 9.82983931304 17.9793827098 0 65 5
P 7.22753745661 0.0 0 13 2
P 15.8172332505 20.3519252409 0 13 2
P 19.5139746818 4.1345577264 0 44 5
P 3.53079602536 16.2173675145 0 44 5
P 15.2381333486 12.5885829065 0 84 3
P 7.80663735852 7.76334233446 0 84 3
P 6.05328176969 17.3180670128 0 60 4
P 16.9914889374 3.0338582281 0 60 4
P 15.2081630083 14.2161532334 0 21 3
P 7.83660769882 6.13577200755 0 21 3
P 22.8591358906 0.345069818585 0 47 4
P 0.185634816565 20.0068554223 0 47 4
P 17.5809552802 4.92657945298 0 79 2
P 5.46381542694 15.425345788 0 79 2
P 3.84978312941 10.0012519029 0 77 2
P 19.1949875777 10.3506733381 0 77 2
