P 11.1877326217 10.536932214 0 72 1
P 9.61870475224 10.9996522259 1 100 5
P 12.7567604912 10.0742122021 2 100 5
P 0.0 12.696341087 0 12 4
P 22.3754652434 8.37752334102 0 12 4
P 21.1884058392 13.3476536829 0 11 5
P 1.18705940421 7.72621074519 0 11 5
P 21.0320692523 21.0738644281 0 84 3
P 1.34339599115 0.0 0 84 3
P 9.54018769143 8.31160794991 0 18 5
P 12.835277552 12.7622564782 0 18 5
P 8.35843053984 5.20606820646 0 11 4
P 14.0170347036 15.8677962216 0 11 4
P 15.9129159125 6.6499280003 0 66 1
P 6.46254933093 14.4239364278 0 66 1
P 21.5441523813 18.5704654125 0 61 4
P 0.831312862158 2.50339901554 0 61 4
P 21.0668432235 17.046034317 0 36 3
P 1.3086220199 4.0278301111 0 36 3
P 6.27975489483 10.2638548622 0 90 4
P 16.0957103486 10.8100095658 0 90 4
P 15.4352398672 14.0448244232 0 40 1
P 6.94022537626 7.02904000484 0 40 1
