P 11.5038247981 10.9529868322 0 3 0
P 12.3935889491 18.9984429812 1 100 5
P 10.6140606471 2.90753068317 2 100 5
P 5.93058483495 14.9112561257 0 22 1
P 17.0770647613 6.99471753867 0 22 1
P 1.54601992444 10.2412484529 0 21 3
P 21.4616296718 11.6647252115 0 21 3
P 12.7467422586 8.58335751419 0 48 2
P 10.2609073376 13.3226161502 0 48 2
P 6.1698286824 6.57485596967 0 28 2
P 16.8378209138 15.3311176947 0 28 2
P 0.449257763926 5.17756767872 0 13 3
P 22.5583918323 16.7284059856 0 13 3
P 16.2387461178 21.5116551345 0 26 5
P 6.76890347841 0.394318529895 0 26 5
P 11.8455519504 0.0835006862053 0 37 1
P 11.1620976458 21.8224729781 0 37 1
P 19.605493564 11.9317506693 0 46 4
P 3.40215603218 9.97422299501 0 46 4
P 23.0076495962 21.0482114722 0 81 4
P 0.0 0.857762192167 0 81 4
P 19.5380208206 0.0 0 53 2
P 3.46962877562 21.9059736644 0 53 2
