P 11.887627625 10.7081528962 0 125 1
P 5.81680445592 1.92793836766 1 100 5
P 17.958450794 19.4883674248 2 100 5
P 8.81146008675 0.0 0 29 1
P 14.9637951632 21.4163057925 0 29 1
P 10.243695136 8.7131984114 0 45 3
P 13.531560114 12.7031073811 0 45 3
P 23.7752552499 8.24519641011 0 45 3
P 0.0 13.1711093823 0 45 3
P 15.7120772997 3.34717822335 0 73 5
P 8.06317795024 18.0691275691 0 73 5
P 0.722914982503 4.31426898161 0 87 3
P 23.0523402674 17.1020368108 0 87 3
P 13.0786799476 15.5769892282 0 18 5
P 10.6965753023 5.83931656431 0 18 5
P 16.0742263531 14.1188612642 0 69 5
P 7.70102889679 7.29744452822 0 69 5
P 6.41247626925 19.2843448634 0 49 5
P 17.3627789807 2.1319609291 0 49 5
P 3.48380207196 4.23928140266 0 29 5
P 20.291453178 17.1770243898 0 29 5
P 4.49576865932 18.7518941348 0 80 5
P 19.2794865906 2.66441165767 0 80 5
