P 9.59242879507 11.4354383646 0 4 3
P 11.6397987546 9.35457415687 1 100 5
P 7.5450588355 13.5163025723 2 100 5
P 12.0547488195 22.038501557 0 59 4
P 7.13010877063 0.832375172139 0 59 4
P 14.7273999299 13.3408534115 0 47 2
P 4.45745766021 9.53002331763 0 47 2
P 15.0917356886 5.59176473719 0 81 3
P 4.09312190155 17.279111992 0 81 3
P 19.1848575901 8.65255730278 0 27 3
P 0.0 14.2183194264 0 27 3
P 1.19652628356 22.8708767292 0 12 4
P 17.9883313066 0.0 0 12 4
P 16.812299123 21.0534432554 0 51 4
P 2.37255846716 1.81743347378 0 51 4
P 10.4076203607 4.31661197236 0 40 3
P 8.77723722947 18.5542647568 0 40 3
P 13.9373566147 17.5479373602 0 74 2
P 5.24750097544 5.32293936892 0 74 2
P 14.6202599996 15.8268243384 0 57 3
P 4.56459759052 7.04405239077 0 57 3
P 1.66168401701 11.862463432 0 5 5
P 17.5231735731 11.0084132972 0 5 5
