P 11.3893043117 11.8160732058 0 63 0
P 0.0 4.06186933318 1 100 5
P 22.7786086234 19.5702770784 2 100 5
P 0.0590123877859 11.6964129373 0 49 5
P 22.7195962356 11.9357334743 0 49 5
P 1.78712003497 12.1369344622 0 32 3
P 20.9914885885 11.4952119494 0 32 3
P 18.38445216 2.17090925177 0 49 1
P 4.39415646344 21.4612371598 0 49 1
P 3.56396181755 3.57933382367 0 53 2
P 19.2146468059 20.0528125879 0 53 2
P 9.50041560627 0.0 0 72 5
P 13.2781930172 23.6321464116 0 72 5
P 1.4907435887 22.3156500508 0 1 3
P 21.2878650347 1.31649636084 0 1 3
P 22.1661796771 21.7596253553 0 41 5
P 0.6124289463 1.87252105631 0 41 5
P 2.33213355432 9.66516289672 0 75 3
P 20.4464750691 13.9669835149 0 75 3
P 9.16981479297 20.1221690041 0 54 4
P 13.6087938305 3.50997740751 0 54 4
P 9.08432881666 14.3623042156 0 60 3
P 13.6942798068 9.269842196 0 60 3
