P 11.8771554528 11.5458992185 0 93 4
P 6.71362509905 4.97769307642 1 100 5
P 17.0406858066 18.1141053606 2 100 5
P 2.700950101 9.49899261805 0 80 5
P 21.0533608046 13.592805819 0 80 5
P 0.0 3.37605230566 0 35 3
P 23.7543109056 19.7157461314 0 35 3
P 1.45530614833 13.0570942535 0 76 2
P 22.2990047573 10.0347041835 0 76 2
P 15.0687770431 17.0112237394 0 2 4
P 8.68553386259 6.08057469768 0 2 4
P 2.75779937567 16.824315881 0 16 1
P 20.99651153 6.26748255602 0 16 1
P 8.34289946145 19.5202110244 0 18 4
P 15.4114114442 3.5715874126 0 18 4
P 5.61317278915 23.091798437 0 55 5
P 18.1411381165 0.0 0 55 5
P 0.896671876892 0.0326890390682 0 80 4
P 22.8576390288 23.059109398 0 80 4
P 18.2475054583 19.2538772869 0 13 1
P 5.50680544732 3.83792115015 0 13 1
P 18.9026773177 18.2121806839 0 17 2
P 4.85163358798 4.87961775317 0 17 2
