P 11.9542396465 10.7972470356 0 120 3
P 6.1521384504 19.187226005 1 100 5
P 17.7563408426 2.40726806625 2 100 5
P 1.19272487898 10.4398263717 0 44 3
P 22.7157544141 11.1546676996 0 44 3
P 19.4195868542 0.0 0 84 2
P 4.4888924388 21.5944940712 0 84 2
P 12.9289810742 2.5994105965 0 47 1
P 10.9794982189 18.9950834747 0 47 1
P 18.9045343747 20.3717673455 0 66 4
P 5.00394491838 1.22272672578 0 66 4
P 5.8907145667 11.8291540246 0 56 2
P 18.0177647263 9.76534004666 0 56 2
P 0.0 2.05724948403 0 87 3
P 23.908479293 19.5372445872 0 87 3
P 0.898209652498 5.65871295945 0 29 3
P 23.0102696405 15.9357811118 0 29 3
P 16.810183382 9.34340611353 0 73 1
P 7.098295911 12.2510879577 0 73 1
P 19.4854857407 8.83334127801 0 33 3
P 4.42299355236 12.7611527932 0 33 3
P 3.23588528448 6.70960259759 0 55 1
P 20.6725940086 14.8848914736 0 55 1
