P 11.8238464339 10.4096235995 0 112 1
P 16.8707081676 7.0239567323 1 100 5
P 6.77698470013 13.7952904666 2 100 5
P 18.2519181753 20.1082950538 0 33 4
P 5.39577469248 0.710952145084 0 33 4
P 22.4604776068 12.2742214327 0 23 4
P 1.187215261 8.54502576622 0 23 4
P 15.8575848877 3.24632054566 0 2 1
P 7.79010798001 17.5729266533 0 2 1
P 7.74740146105 19.5101046358 0 63 4
P 15.9002914067 1.30914256311 0 63 4
P 7.68240788111 11.8541455639 0 1 1
P 15.9652849866 8.96510163506 0 1 1
P 22.4465984727 6.5016048966 0 69 4
P 1.20109439502 14.3176423023 0 69 4
P 23.6476928677 9.75566759694 0 49 3
P 0.0 11.063579602 0 49 3
P 23.1131874494 15.4762410098 0 61 5
P 0.534505418382 5.34300618913 0 61 5
P 7.86344326693 7.15856597098 0 26 1
P 15.7842496008 13.6606812279 0 26 1
P 5.50556461725 20.8192471989 0 61 3
P 18.1421282505 0.0 0 61 3
