P 11.9638874815 11.6268743828 0 147 1
P 23.927774963 3.33110772625 1 100 5
P 0.0 19.9226410394 2 100 5
P 7.36497968173 16.7178888214 0 52 5
P 16.5627952812 6.53585994421 0 52 5
P 19.1862074713 8.20909498148 0 21 3
P 4.74156749162 15.0446537842 0 21 3
P 8.66276355898 0.0 0 20 5
P 15.265011404 23.2537487656 0 20 5
P 16.9390305281 12.6387708376 0 79 1
P 6.98874443489 10.614977928 0 79 1
P 22.2822683312 20.3569983169 0 15 2
P 1.64550663172 2.89675044877 0 15 2
P 9.67655243048 12.7952048035 0 8 4
P 14.2512225325 10.4585439622 0 8 4
P 4.45600919071 13.4352897907 0 29 1
P 19.4717657723 9.81845897497 0 29 1
P 1.85431733735 0.231671474917 0 3 1
P 22.0734576256 23.0220772907 0 3 1
P 11.1966482669 21.7412966388 0 49 2
P 12.7311266961 1.51245212686 0 49 2
P 14.0718984885 6.35711269745 0 25 4
P 9.85587647448 16.8966360682 0 25 4
