P 11.6546567501 11.9575549345 0 148 4
P 0.0 7.90617150461 1 100 5
P 23.3093135001 16.0089383645 2 100 5
P 12.2932575167 2.64734301373 0 18 2
P 11.0160559835 21.2677668553 0 18 2
P 6.75712951311 10.4925543387 0 85 4
P 16.552183987 13.4225555303 0 85 4
P 8.48801310686 9.25143575378 0 81 5
P 14.8213003933 14.6636741153 0 81 5
P 6.38972239977 0.573048739966 0 82 2
P 16.9195911004 23.3420611291 0 82 2
P 10.5514780849 15.6311584629 0 36 4
P 12.7578354153 8.2839514062 0 36 4
P 13.1167835867 23.3360256683 0 66 4
P 10.1925299134 0.57908420078 0 66 4
P 23.2544032744 0.0 0 57 5
P 0.0549102256998 23.9151098691 0 57 5
P 15.4328107114 20.5679327456 0 65 2
P 7.8765027887 3.34717712347 0 65 2
P 8.36147536908 18.5911423246 0 45 1
P 14.9478381311 5.32396754448 0 45 1
P 23.2153824357 10.7268940881 0 37 4
P 0.0939310644104 13.188215781 0 37 4
