P 8.57518343391 11.3130222262 0 142 2
P 14.3667986707 12.1375886398 1 100 5
P 2.7835681971 10.4884558125 2 100 5
P 15.4949959235 19.7535483742 0 17 5
P 1.65537094435 2.87249607811 0 17 5
P 16.9526377411 8.91199709982 0 59 5
P 0.197729126729 13.7140473525 0 59 5
P 7.3726217251 22.2486665797 0 62 5
P 9.77774514272 0.3773778726 0 62 5
P 2.5589208388 0.0 0 60 2
P 14.591446029 22.6260444523 0 60 2
P 3.32079538607 6.983724578 0 40 3
P 13.8295714817 15.6423198744 0 40 3
P 12.5930386248 16.2075844389 0 59 2
P 4.55732824301 6.41846001343 0 59 2
P 10.5400272639 18.7658146796 0 62 2
P 6.61033960396 3.86022977274 0 62 2
P 1.4483689423 7.24836895733 0 42 3
P 15.7019979255 15.377675495 0 42 3
P 6.6786788895 0.0570209625847 0 65 4
P 10.4716879783 22.5690234898 0 65 4
P 17.1503668678 14.6849803384 0 14 1
P 0.0 7.94106411397 0 14 1
