P 11.8437590802 11.4962083865 0 96 3
P 10.0692269648 16.1088155446 1 100 5
P 13.6182911956 6.88360122831 2 100 5
P 0.881430334335 2.94622153256 0 47 2
P 22.806087826 20.0461952404 0 47 2
P 23.5075061775 22.3853473774 0 17 3
P 0.180011982913 0.607069395541 0 17 3
P 2.1259348086 11.1367183746 0 53 3
P 21.5615833518 11.8556983983 0 53 3
P 23.6875181604 2.17644657222 0 66 3
P 0.0 20.8159702007 0 66 3
P 15.1152909542 7.97900810654 0 65 2
P 8.57222720615 15.0134086664 0 65 2
P 23.6315586828 8.1883607202 0 81 1
P 0.055959477529 14.8040560527 0 81 1
P 14.691519132 22.4292394498 0 63 5
P 8.9959990284 0.563177323094 0 63 5
P 21.9047285985 0.0 0 30 3
P 1.78278956187 22.9924167729 0 30 3
P 15.1128471571 1.61978939322 0 43 2
P 8.57467100323 21.3726273797 0 43 2
P 13.9268846136 15.4099248177 0 45 5
P 9.76063354677 7.58249195518 0 45 5
