P 10.923683731 11.5566584601 0 129 3
P 16.3154739751 0.891766391725 1 100 5
P 5.53189348699 22.2215505285 2 100 5
P 21.8473674621 21.0352685936 0 9 5
P 0.0 2.07804832658 0 9 5
P 0.219617063157 4.63844764022 0 90 5
P 21.6277503989 18.47486928 0 90 5
P 8.61098210339 23.1133169202 0 18 2
P 13.2363853587 0.0 0 18 2
P 20.1115041601 0.824279933108 0 8 2
P 1.73586330203 22.2890369871 0 8 2
P 16.3195582586 7.79517537139 0 79 4
P 5.5278092035 15.3181415488 0 79 4
P 3.43519673964 1.81153386017 0 4 1
P 18.4121707224 21.30178306 0 4 1
P 8.10699086447 8.07149867313 0 59 1
P 13.7403765976 15.0418182471 0 59 1
P 10.9201437618 19.4087421716 0 23 1
P 10.9272237003 3.7045747486 0 23 1
P 9.09493908327 13.7660635034 0 43 1
P 12.7524283788 9.34725341684 0 43 1
P 6.42999249772 11.5655659492 0 12 2
P 15.4173749644 11.547750971 0 12 2
