P 11.3303134471 10.5925937417 0 117 2
P 5.95355336177 6.60776276242 1 100 5
P 16.7070735325 14.577424721 2 100 5
P 8.2377476928 11.4730397133 0 3 3
P 14.4228792015 9.71214777006 0 3 3
P 2.7957552778 0.0 0 25 5
P 19.8648716165 21.1851874834 0 25 5
P 5.69697391199 13.1725818315 0 59 1
P 16.9636529823 8.01260565194 0 59 1
P 22.6606268943 19.5617452738 0 47 1
P 0.0 1.62344220964 0 47 1
P 14.9109300127 20.7536829402 0 72 5
P 7.74969688162 0.431504543203 0 72 5
P 8.69750711352 9.69329737262 0 76 4
P 13.9631197808 11.4918901108 0 76 4
P 9.48483766069 12.7393163474 0 24 3
P 13.1757892336 8.445871136 0 24 3
P 15.3057310954 7.32617815024 0 68 4
P 7.3548957989 13.8590093331 0 68 4
P 4.67766023814 13.59345439 0 42 1
P 17.9829666561 7.59173309335 0 42 1
P 21.1617038877 2.16358719172 0 77 3
P 1.49892300661 19.0216002917 0 77 3
