P 11.6044257913 10.543621136 0 73 0
P 17.4106951174 21.0872422721 1 100 5
P 5.79815646529 0.0 2 100 5
P 16.416011298 17.1475085251 0 42 1
P 6.79284028463 3.93973374695 0 42 1
P 8.95312422405 14.8163728479 0 74 1
P 14.2557273586 6.27086942414 0 74 1
P 16.6048849791 7.15844739233 0 16 4
P 6.60396660354 13.9287948798 0 16 4
P 23.2088515827 10.6407783955 0 25 1
P 0.0 10.4464638765 0 25 1
P 23.1786872031 19.392244096 0 12 3
P 0.0301643795197 1.69499817609 0 12 3
P 18.7995217913 8.11064604396 0 18 4
P 4.40932979131 12.9765962281 0 18 4
P 7.26449445305 16.5566405503 0 17 2
P 15.9443571296 4.53060172183 0 17 2
P 15.9053096291 1.07022967152 0 50 5
P 7.30354195351 20.0170126006 0 50 5
P 1.49606054792 18.1253492695 0 29 5
P 21.7127910347 2.96189300261 0 29 5
P 12.0913984768 8.51236274506 0 61 5
P 11.1174531059 12.574879527 0 61 5
