P 11.6568821192 9.61434981405 0 99 0
P 0.487246204793 9.41416078025 1 100 5
P 22.8265180337 9.81453884786 2 100 5
P 8.18429682053 4.74024269795 0 70 4
P 15.1294674179 14.4884569302 0 70 4
P 7.79420317372 9.86336385862 0 19 3
P 15.5195610647 9.36533576949 0 19 3
P 23.0703371371 15.9518583014 0 63 4
P 0.243427101361 3.27684132666 0 63 4
P 23.3137642384 17.7372731146 0 10 5
P 0.0 1.49142651346 0 10 5
P 0.556186406307 15.1607960311 0 80 4
P 22.7575778321 4.06790359704 0 80 4
P 9.31575702008 10.0543885504 0 57 2
P 13.9980072184 9.17431107766 0 57 2
P 5.09786182829 7.42315687598 0 22 1
P 18.2159024102 11.8055427521 0 22 1
P 19.5625897135 0.0 0 48 3
P 3.75117452493 19.2286996281 0 48 3
P 2.32522706913 10.1659045218 0 37 2
P 20.9885371693 9.06279510635 0 37 2
P 3.48004356777 15.5428659662 0 17 1
P 19.8337206707 3.68583366194 0 17 1
