P 11.1787521819 11.1040071122 0 143 0
P 3.48383081882 0.0 1 100 5
P 18.873673545 22.2080142245 2 100 5
P 21.2265129759 15.7012674413 0 41 4
P 1.13099138793 6.50674678317 0 41 4
P 6.51565957249 22.0410168004 0 27 3
P 15.8418447913 0.166997424126 0 27 3
P 19.3013197391 8.08689302037 0 27 2
P 3.05618462476 14.1211212041 0 27 2
P 22.3575043638 20.9113733551 0 85 1
P 0.0 1.29664086935 0 85 1
P 4.13083559006 12.6396515616 0 36 4
P 18.2266687738 9.56836266291 0 36 4
P 15.3081186458 15.9072045949 0 31 5
P 7.04938571804 6.30080962957 0 31 5
P 1.37126025554 9.98243620661 0 6 1
P 20.9862441083 12.2255780179 0 6 1
P 4.39000301742 7.83835740208 0 87 5
P 17.9675013464 14.3696568224 0 87 5
P 14.254779875 17.3114721827 0 30 1
P 8.1027244888 4.89654204182 0 30 1
P 12.5399251957 1.8095461523 0 38 2
P 9.81757916816 20.3984680722 0 38 2
