P 11.4771096508 11.4246280926 0 68 1
P 11.4048821381 7.93874191468 1 100 5
P 11.5493371636 14.9105142705 2 100 5
P 1.31291019366 8.85420503021 0 36 3
P 21.641309108 13.995051155 0 36 3
P 6.16690233545 4.78305613921 0 5 1
P 16.7873169662 18.066200046 0 5 1
P 15.793469159 2.34568897656 0 15 5
P 7.16075014266 20.5035672086 0 15 5
P 8.87933329416 1.45017114023 0 16 5
P 14.0748860075 21.3990850449 0 16 5
P 4.11953267695 13.9536149084 0 58 5
P 18.8346866247 8.89564127677 0 58 5
P 6.34146967691 6.18046249622 0 12 1
P 16.6127496248 16.668793689 0 12 1
P 22.9542193017 4.78393326337 0 47 5
P 0.0 18.0653229218 0 47 5
P 3.13006529014 18.1884703345 0 76 5
P 19.8241540115 4.66078585067 0 76 5
P 8.53770213525 10.723638691 0 25 2
P 14.4165171664 12.1256174942 0 25 2
P 5.7923012026 0.0 0 48 3
P 17.1619180991 22.8492561852 0 48 3
