P 10.6711624539 11.8603935737 0 10 4
P 3.14869944377 16.1586112434 1 100 5
P 18.1936254641 7.56217590401 2 100 5
P 4.68634834142 1.61377299509 0 16 4
P 16.6559765664 22.1070141523 0 16 4
P 20.4437673484 14.7321354968 0 6 1
P 0.898557559494 8.98865165062 0 6 1
P 19.0445275619 9.53432715494 0 39 3
P 2.29779734591 14.1864599925 0 39 3
P 3.03604456827 12.7752946097 0 25 5
P 18.3062803396 10.9454925377 0 25 5
P 8.92543202405 8.91543985764 0 32 5
P 12.4168928838 14.8053472898 0 32 5
P 10.0715908664 17.0310960021 0 86 4
P 11.2707340414 6.68969114534 0 86 4
P 15.733640367 0.0 0 78 5
P 5.60868454087 23.7207871474 0 78 5
P 17.690562338 3.11665507367 0 43 4
P 3.65176256988 20.6041320738 0 43 4
P 18.6736708294 14.1953185768 0 34 3
P 2.66865407845 9.52546857069 0 34 3
P 0.0 4.80173944226 0 7 2
P 21.3423249078 18.9190477052 0 7 2
