P 11.8488916604 11.6577505797 0 37 4
P 12.9596546146 8.31994938878 1 100 5
P 10.7381287062 14.9955517706 2 100 5
P 19.1849160364 0.0 0 65 1
P 4.5128672844 23.3155011594 0 65 1
P 1.76481489129 5.98905811177 0 24 5
P 21.9329684295 17.3264430477 0 24 5
P 22.2718040681 4.29252901731 0 55 4
P 1.42597925276 19.0229721421 0 55 4
P 21.6389329126 1.40212529689 0 77 5
P 2.05885040824 21.9133758625 0 77 5
P 2.45645658072 14.1647922974 0 14 2
P 21.2413267401 9.15070886201 0 14 2
P 21.6895893054 20.7899687966 0 8 3
P 2.00819401541 2.52553236286 0 8 3
P 13.4948597674 18.0719269788 0 76 1
P 10.2029235534 5.24357418058 0 76 1
P 0.0 1.38669447823 0 77 4
P 23.6977833208 21.9288066812 0 77 4
P 0.140138533738 17.1448460983 0 63 2
P 23.5576447871 6.17065506116 0 63 2
P 15.1186241638 0.31048442121 0 23 3
P 8.57915915701 23.0050167382 0 23 3
