P 11.5132382767 11.6933829173 0 61 2
P 19.4522842384 15.4561165554 1 100 5
P 3.57419231493 7.93064927933 2 100 5
P 16.2452338546 16.4435910935 0 83 4
P 6.78124269873 6.9431747412 0 83 4
P 12.3498452019 7.96259088226 0 85 1
P 10.6766313514 15.4241749524 0 85 1
P 23.0264765533 9.6534596626 0 70 3
P 0.0 13.7333061721 0 70 3
P 14.9308975842 13.2749583186 0 27 1
P 8.09557896911 10.1118075161 0 27 1
P 6.75182441426 19.9721741563 0 23 4
P 16.274652139 3.4145916784 0 23 4
P 19.8284438055 0.0 0 6 4
P 3.19803274784 23.3867658347 0 6 4
P 2.34442049133 0.549972264329 0 25 4
P 20.682056062 22.8367935704 0 25 4
P 11.7438239438 0.161184482157 0 12 3
P 11.2826526095 23.2255813525 0 12 3
P 5.48743844215 2.40863445982 0 44 5
P 17.5390381112 20.9781313749 0 44 5
P 9.52505967531 5.31930780889 0 73 3
P 13.501416878 18.0674580258 0 73 3
