P 11.4800043515 11.9870856758 0 57 3
P 17.3938408949 21.6013213358 1 100 5
P 5.56616780811 2.37285001579 2 100 5
P 1.53678023907 14.0246277155 0 88 4
P 21.4232284639 9.94954363611 0 88 4
P 0.0 13.1252528625 0 4 5
P 22.960008703 10.8489184891 0 4 5
P 15.5836548946 2.93713387185 0 59 5
P 7.3763538084 21.0370374798 0 59 5
P 7.73820633237 23.9741713516 0 10 1
P 15.2218023706 0.0 0 10 1
P 1.71786802176 19.6770428598 0 2 3
P 21.2421406812 4.29712849185 0 2 3
P 17.2356448593 2.45507437154 0 60 1
P 5.72436384369 21.5190969801 0 60 1
P 18.8066168077 17.7388937011 0 73 1
P 4.15339189533 6.23527765051 0 73 1
P 13.4890779957 0.79127503173 0 13 4
P 9.47093070731 23.1828963199 0 13 4
P 22.7306160221 13.3335913104 0 14 3
P 0.22939268087 10.6405800412 0 14 3
P 14.5296602703 23.0739720786 0 65 5
P 8.43034843274 0.900199272993 0 65 5
