P 9.52715512513 11.8945158325 0 17 4
P 12.1959230507 3.69578845463 1 100 5
P 6.85838719954 20.0932432103 2 100 5
P 18.7049994976 0.0 0 19 4
P 0.349310752617 23.789031665 0 19 4
P 11.3592874798 11.7988840908 0 53 3
P 7.69502277045 11.9901475741 0 53 3
P 1.50561733903 2.81661854816 0 88 5
P 17.5486929112 20.9724131168 0 88 5
P 19.0543102503 18.0879676951 0 43 5
P 0.0 5.70106396987 0 43 5
P 3.21377368082 1.85321884045 0 79 3
P 15.8405365694 21.9358128245 0 79 3
P 7.00632660497 4.33883375279 0 26 3
P 12.0479836453 19.4501979122 0 26 3
P 16.097836916 7.03005242689 0 19 4
P 2.9564733343 16.7589792381 0 19 4
P 8.59586080664 8.48507621271 0 34 1
P 10.4584494436 15.3039554523 0 34 1
P 15.0912189265 20.1234589197 0 29 2
P 3.96309132375 3.66557274523 0 29 2
P 1.06205563867 7.49771191441 0 45 4
P 17.9922546116 16.2913197506 0 45 4
