P 11.246076889 11.7020505722 0 133 0
P 19.1559681036 1.33153836409 1 100 5
P 3.33618567442 22.0725627804 2 100 5
P 22.3304776674 17.5978915567 0 1 1
P 0.161676110555 5.80620958776 0 1 1
P 2.11663939083 23.4041011445 0 74 4
P 20.3755143872 0.0 0 74 4
P 22.492153778 2.86372422411 0 47 2
P 0.0 20.5403769204 0 47 2
P 3.31450596613 1.70316260861 0 21 4
P 19.1776478119 21.7009385359 0 21 4
P 15.9028893046 15.7114394755 0 38 3
P 6.58926447342 7.69266166896 0 38 3
P 1.6558222693 4.17639029251 0 89 5
P 20.8363315087 19.227710852 0 89 5
P 14.8147903876 23.302689861 0 69 2
P 7.67736339038 0.101411283483 0 69 2
P 15.6022624277 6.52687074851 0 63 1
P 6.88989135033 16.877230396 0 63 1
P 4.09535764317 5.84293037145 0 34 5
P 18.3967961348 17.561170773 0 34 5
P 17.6896906085 22.9296167371 0 44 4
P 4.80246316953 0.47448440735 0 44 4
