P 11.0412533201 11.9562886496 0 3 5
P 9.9757449259 17.1832936579 1 100 5
P 12.1067617142 6.72928364137 2 100 5
P 5.38386508567 8.66496644459 0 83 2
P 16.6986415545 15.2476108547 0 83 2
P 22.0825066401 2.47364038055 0 41 2
P 0.0 21.4389369187 0 41 2
P 6.70249620031 12.6555563302 0 59 5
P 15.3800104398 11.257020969 0 59 5
P 5.86530806755 23.9125772992 0 47 3
P 16.2171985726 0.0 0 47 3
P 4.15111031693 22.4954168182 0 12 4
P 17.9313963232 1.41716048104 0 12 4
P 21.2197062702 17.9503635855 0 26 5
P 0.862800369979 5.96221371371 0 26 5
P 5.90602191032 3.30849809218 0 74 1
P 16.1764847298 20.6040792071 0 74 1
P 21.977049474 19.9959893983 0 59 2
P 0.105457166157 3.91658790095 0 59 2
P 2.14358244314 2.29350891661 0 90 2
P 19.938924197 21.6190683826 0 90 2
P 5.3496530905 6.72688824916 0 75 1
P 16.7328535496 17.1856890501 0 75 1
