P 9.13835525327 11.8152425466 0 78 2
P 9.49277597316 17.672085443 1 100 5
P 8.78393453339 5.95839965011 2 100 5
P 3.77610943336 18.4757659386 0 7 2
P 14.5006010732 5.15471915451 0 7 2
P 15.5637380817 6.8061094535 0 83 4
P 2.71297242488 16.8243756396 0 83 4
P 10.9370978663 2.59330785104 0 25 3
P 7.33961264024 21.0371772421 0 25 3
P 11.246612804 8.11305276871 0 59 5
P 7.0300977025 15.5174323244 0 59 5
P 13.0236380565 16.7885730965 0 61 2
P 5.25307245007 6.84191199662 0 61 2
P 5.15317176681 17.7562132162 0 21 3
P 13.1235387397 5.8742718769 0 21 3
P 4.16620234926 23.6304850931 0 60 2
P 14.1105081573 0.0 0 60 2
P 7.24787028105 23.3399340878 0 32 1
P 11.0288402255 0.290551005312 0 32 1
P 0.3875976578 4.91946813519 0 8 3
P 17.8891128487 18.7110169579 0 8 3
P 0.0 1.63128421035 0 47 4
P 18.2767105065 21.9992008828 0 47 4
