P 11.6742804175 8.16559713863 0 9 1
P 15.4227085507 7.55172848354 1 100 5
P 7.92585228437 8.77946579371 2 100 5
P 7.44499297877 14.8820386599 0 41 2
P 15.9035678563 1.44915561736 0 41 2
P 15.2846685324 9.95033108388 0 2 5
P 8.06389230267 6.38086319338 0 2 5
P 22.5421644693 11.9713857246 0 55 2
P 0.806396365785 4.35980855265 0 55 2
P 12.2387443702 6.32561113385 0 67 3
P 11.1098164649 10.0055831434 0 67 3
P 6.13377308198 7.44953446822 0 51 4
P 17.2147877531 8.88165980904 0 51 4
P 17.0754359622 0.0 0 24 5
P 6.27312487287 16.3311942773 0 24 5
P 0.744581157158 9.63103039127 0 68 4
P 22.6039796779 6.70016388599 0 68 4
P 10.8033551063 12.817052434 0 19 4
P 12.5452057288 3.51414184327 0 19 4
P 23.3485608351 10.2506164626 0 1 1
P 0.0 6.08057781467 0 1 1
P 21.2361293902 14.5901853553 0 39 4
P 2.11243144494 1.74100892192 0 39 4
