P 11.1960724918 11.9262588389 0 78 3
P 20.3677171525 13.2752170642 1 100 5
P 2.024427831 10.5773006135 2 100 5
P 3.89282490524 2.33336406434 0 38 4
P 18.4993200783 21.5191536134 0 38 4
P 20.8457753266 20.1085263956 0 77 2
P 1.54636965695 3.74399128217 0 77 2
P 0.0 2.6059984227 0 27 5
P 22.3921449835 21.246519255 0 27 5
P 10.4116728503 22.1196147948 0 8 1
P 11.9804721332 1.73290288298 0 8 1
P 7.34486165743 6.89840867456 0 88 5
P 15.0472833261 16.9541090032 0 88 5
P 13.3561962065 21.7139045858 0 56 4
P 9.03594877701 2.13861309199 0 56 4
P 21.3847422949 23.8525176777 0 61 2
P 1.00740268865 0.0 0 61 2
P 20.960232281 0.696913133061 0 51 4
P 1.43191270254 23.1556045447 0 51 4
P 17.7777308625 1.18957047013 0 45 5
P 4.61441412105 22.6629472076 0 45 5
P 4.90776662128 8.92084889099 0 3 3
P 17.4843783622 14.9316687868 0 3 3
