P 11.0572683102 11.5467196312 0 120 0
P 19.0213671 14.5195109565 1 100 5
P 3.09316952032 8.57392830589 2 100 5
P 16.4417490116 3.87182892854 0 21 2
P 5.67278760877 19.2216103338 0 21 2
P 0.00198802874897 5.39281023913 0 59 4
P 22.1125485916 17.7006290232 0 59 4
P 10.8157243036 7.80256883729 0 44 4
P 11.2988123167 15.2908704251 0 44 4
P 0.0 14.5800373683 0 42 5
P 22.1145366203 8.51340189409 0 42 5
P 1.43082644363 16.1971677878 0 52 4
P 20.6837101767 6.89627147452 0 52 4
P 4.29737863021 10.7252299414 0 43 5
P 17.8171579901 12.3682093209 0 43 5
P 7.09324666851 10.0204852565 0 39 3
P 15.0212899518 13.0729540059 0 39 3
P 17.2124802494 9.44630284354 0 13 1
P 4.90205637096 13.6471364188 0 13 1
P 0.290993544202 1.62279666287 0 28 3
P 21.8235430761 21.4706425995 0 28 3
P 13.1868866044 23.0934392623 0 32 5
P 8.92765001597 0.0 0 32 5
