P 11.5598527801 11.2552959997 0 111 0
P 21.145076026 1.02327678438 1 100 5
P 1.97462953421 21.4873152151 2 100 5
P 1.58394916273 18.4749334417 0 42 1
P 21.5357563975 4.03565855772 0 42 1
P 10.2093398104 1.30720203312 0 33 1
P 12.9103657498 21.2033899663 0 33 1
P 0.0 18.2904858395 0 81 1
P 23.1197055602 4.22010615989 0 81 1
P 6.72862122829 12.7566675304 0 21 3
P 16.3910843319 9.75392446903 0 21 3
P 4.69371065033 1.12855709418 0 43 1
P 18.4259949099 21.3820349053 0 43 1
P 14.7253659226 16.2672939578 0 17 5
P 8.39433963762 6.24329804161 0 17 5
P 5.09378491702 8.96253762196 0 81 1
P 18.0259206432 13.5480543775 0 81 1
P 0.623092510738 7.65942840611 0 51 5
P 22.4966130495 14.8511635933 0 51 5
P 22.7609128039 0.0 0 6 2
P 0.358792756285 22.5105919994 0 6 2
P 0.589520615371 2.03520740728 0 20 4
P 22.5301849448 20.4753845921 0 20 4
