P 11.8890904702 11.7569489431 0 138 2
P 4.30730706454 22.7651000809 1 100 5
P 19.4708738759 0.748797805429 2 100 5
P 10.3399508154 18.5346038558 0 71 3
P 13.438230125 4.97929403048 0 71 3
P 23.7781809405 6.8266886408 0 69 1
P 0.0 16.6872092455 0 69 1
P 8.65869672155 7.70226794042 0 83 2
P 15.1194842189 15.8116299459 0 83 2
P 10.7359567141 0.099717393774 0 80 5
P 13.0422242264 23.4141804925 0 80 5
P 13.8705070821 9.44945621151 0 90 4
P 9.90767385841 14.0644416748 0 90 4
P 10.3072504408 23.5138978863 0 8 3
P 13.4709304997 0.0 0 8 3
P 9.60618794056 6.54143477496 0 54 5
P 14.1719929999 16.9724631113 0 54 5
P 0.967452214172 5.977451749 0 83 2
P 22.8107287263 17.5364461373 0 83 2
P 5.05434179226 0.0309883073326 0 83 3
P 18.7238391482 23.482909579 0 83 3
P 18.0173951446 7.58478257374 0 84 4
P 5.76078579584 15.9291153126 0 84 4
