P 11.5210489313 11.7509141303 0 118 5
P 15.8859532832 0.0 1 100 5
P 7.15614457936 23.5018282606 2 100 5
P 0.228659979171 11.7680575571 0 40 2
P 22.8134378834 11.7337707035 0 40 2
P 17.6368804913 15.718095822 0 8 5
P 5.40521737122 7.78373243863 0 8 5
P 20.9583891865 0.388495638221 0 82 5
P 2.08370867602 23.1133326224 0 82 5
P 3.13174719333 20.2875641615 0 64 4
P 19.9103506692 3.21426409909 0 64 4
P 17.5446947306 18.9297793354 0 41 2
P 5.49740313199 4.57204892521 0 41 2
P 15.4897145565 22.2046895186 0 12 4
P 7.55238330603 1.29713874209 0 12 4
P 23.0420978626 22.5859396429 0 29 2
P 0.0 0.915888617731 0 29 2
P 17.0807753193 6.92667032696 0 69 3
P 5.96132254326 16.5751579337 0 69 3
P 23.0273776219 3.49624136915 0 12 5
P 0.0147202406768 20.0055868915 0 12 5
P 13.1171383665 0.863238208435 0 29 4
P 9.92495949605 22.6385900522 0 29 4
