P 10.6578984394 11.5124705933 0 52 0
P 21.3157968789 1.95009047888 1 100 5
P 0.0 21.0748507076 2 100 5
P 2.85160735403 7.62877395802 0 76 5
P 18.4641895248 15.3961672285 0 76 5
P 9.96628029463 19.0525460592 0 68 5
P 11.3495165842 3.9723951273 0 68 5
P 9.28386629016 9.46962098549 0 42 2
P 12.0319305887 13.555320201 0 42 2
P 12.5866134112 10.7783189282 0 83 4
P 8.72918346768 12.2466222583 0 83 4
P 15.2602442172 18.5606428054 0 5 4
P 6.05555266169 4.46429838114 0 5 4
P 11.6150049302 22.8887328226 0 9 3
P 9.70079194866 0.136208363942 0 9 3
P 14.0223348008 4.62391061953 0 51 5
P 7.29346207809 18.401030567 0 51 5
P 4.33944227228 2.49129148256 0 15 3
P 16.9763546066 20.533649704 0 15 3
P 20.0821935323 19.6525003011 0 70 4
P 1.23360334658 3.37244088541 0 70 4
P 15.6070982541 0.0 0 84 4
P 5.70869862481 23.0249411865 0 84 4
