P 9.50450498174 10.1810836756 0 133 3
P 2.68766633968 2.99447449181 1 100 5
P 16.3213436238 17.3676928595 2 100 5
P 8.46223350185 2.52571311552 0 86 2
P 10.5467764616 17.8364542358 0 86 2
P 7.16531002185 8.0089502988 0 13 3
P 11.8436999416 12.3532170525 0 13 3
P 9.09854532011 7.05716089313 0 82 1
P 9.91046464338 13.3050064582 0 82 1
P 4.10774635023 8.74942223949 0 56 3
P 14.9012636133 11.6127451118 0 56 3
P 17.4470197222 15.0787742599 0 76 4
P 1.5619902413 5.28339309139 0 76 4
P 0.0 18.9603985097 0 57 2
P 19.0090099635 1.40176884162 0 57 2
P 8.4597234315 4.06166743582 0 77 5
P 10.549286532 16.3004999155 0 77 5
P 7.08517422145 0.0 0 16 5
P 11.923835742 20.3621673513 0 16 5
P 14.8531203065 13.2692435823 0 64 3
P 4.15588965698 7.09292376899 0 64 3
P 16.0473322981 13.9591953539 0 11 2
P 2.9616776654 6.40297199743 0 11 2
