P 11.3475082987 11.7257524875 0 110 5
P 16.0416929715 3.53394547032 1 100 5
P 6.6533236259 19.9175595047 2 100 5
P 4.5632724489 15.1384476131 0 5 4
P 18.1317441485 8.31305736194 0 5 4
P 14.4267477593 11.4578498148 0 87 5
P 8.26826883819 11.9936551602 0 87 5
P 22.4619303584 0.0 0 41 5
P 0.233086239004 23.451504975 0 41 5
P 5.41611120746 6.25099728711 0 54 3
P 17.27890539 17.2005076879 0 54 3
P 15.4725912745 23.3604459079 0 70 1
P 7.22242532291 0.0910590670681 0 70 1
P 4.68393379788 21.2600229107 0 21 4
P 18.0110827996 2.19148206436 0 21 4
P 22.6950165974 3.87390200554 0 1 3
P 0.0 19.5776029695 0 1 3
P 13.1931540007 18.5227560067 0 25 2
P 9.50186259678 4.92874896835 0 25 2
P 14.2459914828 2.93922670312 0 29 4
P 8.44902511463 20.5122782719 0 29 4
P 11.6194524636 6.54510562229 0 72 4
P 11.0755641338 16.9063993527 0 72 4
