P 10.8911665711 11.9509897657 0 63 5
P 10.0141530897 22.2531254601 1 100 5
P 11.7681800525 1.64885407143 2 100 5
P 17.8278074599 8.06619669876 0 52 2
P 3.95452568231 15.8357828327 0 52 2
P 0.3792669326 23.0385215696 0 4 1
P 21.4030662096 0.863457961838 0 4 1
P 19.1288464716 3.13145501495 0 71 3
P 2.6534866706 20.7705245165 0 71 3
P 16.4669532388 0.0 0 4 4
P 5.31537990335 23.9019795315 0 4 4
P 3.21140305221 5.58721322587 0 89 5
P 18.57093009 18.3147663056 0 89 5
P 7.58237633311 13.5588437184 0 85 3
P 14.1999568091 10.3431358131 0 85 3
P 3.37062003828 9.13308645728 0 70 3
P 18.4117131039 14.7688930742 0 70 3
P 19.2108029548 5.21168981141 0 8 3
P 2.57153018742 18.6902897201 0 8 3
P 15.6780954383 18.0578966841 0 15 1
P 6.10423770388 5.84408284739 0 15 1
P 21.7823331422 8.45121018886 0 56 5
P 0.0 15.4507693426 0 56 5
