P 11.5397252476 10.9919027848 0 92 2
P 4.63362866472 6.835696898 1 100 5
P 18.4458218304 15.1481086716 2 100 5
P 1.33803587189 3.86320747416 0 83 4
P 21.7414146232 18.1205980954 0 83 4
P 17.2928496097 0.0 0 6 1
P 5.78660088541 21.9838055696 0 6 1
P 18.0581415918 4.52747537132 0 74 4
P 5.02130890331 17.4563301982 0 74 4
P 16.5325105292 4.59341398467 0 21 1
P 6.54693996596 17.3903915849 0 21 1
P 23.0794504951 4.81655285893 0 35 5
P 0.0 17.1672527106 0 35 5
P 10.1576179703 7.34164692339 0 12 5
P 12.9218325248 14.6421586462 0 12 5
P 7.12682903658 15.1987906604 0 55 2
P 15.9526214585 6.78501490916 0 55 2
P 14.958781729 5.05935086839 0 22 2
P 8.12066876609 16.9244547012 0 22 2
P 7.70544801727 9.0434344558 0 3 2
P 15.3740024779 12.9403711138 0 3 2
P 5.16248897339 10.4195223659 0 62 5
P 17.9169615217 11.5642832037 0 62 5
