P 11.8264011142 10.9101586623 0 123 2
P 9.1768906117 20.8553363053 1 100 5
P 14.4759116168 0.964981019255 2 100 5
P 0.0 19.6185030184 0 31 1
P 23.6528022285 2.20181430614 0 31 1
P 19.4198159262 18.1764626118 0 58 1
P 4.23298630231 3.6438547127 0 58 1
P 14.185085005 19.7321744375 0 35 5
P 9.46771722348 2.08814288705 0 35 5
P 22.7877496745 12.4983505586 0 26 1
P 0.865052553997 9.32196676594 0 26 1
P 11.9970150589 9.20366524316 0 58 5
P 11.6557871696 12.6166520814 0 58 5
P 3.75363124992 0.0 0 51 1
P 19.8991709786 21.8203173245 0 51 1
P 10.1708532526 5.98214825323 0 32 4
P 13.4819489759 15.8381690713 0 32 4
P 7.93425514034 0.912758272715 0 37 2
P 15.7185470882 20.9075590518 0 37 2
P 1.50788342136 2.53996885226 0 45 3
P 22.1449188071 19.2803484723 0 45 3
P 15.8186612258 7.78488965027 0 36 3
P 7.83414100274 14.0354276743 0 36 3
