P 11.8207677779 11.8967253708 0 25 0
P 20.677041944 18.4961740466 1 100 5
P 2.96449361168 5.29727669492 2 100 5
P 8.63461424057 1.14043430039 0 36 2
P 15.0069213152 22.6530164411 0 36 2
P 8.39467189085 17.2329796697 0 22 1
P 15.2468636649 6.56047107175 0 22 1
P 23.6415355557 19.5777182316 0 71 4
P 0.0 4.21573250986 0 71 4
P 20.5597246891 10.4281274013 0 53 1
P 3.08181086663 13.3653233402 0 53 1
P 6.57661495634 18.2377389206 0 49 4
P 17.0649205994 5.55571182092 0 49 4
P 23.1084244792 23.4139182254 0 20 2
P 0.533111076504 0.379532516069 0 20 2
P 3.29661609468 23.7934507415 0 88 5
P 20.344919461 0.0 0 88 5
P 22.0147795174 5.28110634843 0 65 3
P 1.62675603831 18.5123443931 0 65 3
P 7.43781719618 21.2601365221 0 63 2
P 16.2037183595 2.53331421945 0 63 2
P 12.1906101796 14.1909685194 0 50 5
P 11.4509253762 9.60248222211 0 50 5
