P 11.2036327344 10.8471507727 0 18 4
P 21.4565045792 6.70060540927 1 100 5
P 0.950760889594 14.9936961361 2 100 5
P 9.71422800904 7.48429430661 0 31 2
P 12.6930374597 14.2100072388 0 31 2
P 7.21050467576 11.9376937894 0 42 1
P 15.196760793 9.75660775602 0 42 1
P 11.7269157958 0.0 0 69 4
P 10.6803496729 21.6943015454 0 69 4
P 4.55294470603 18.5417691258 0 61 1
P 17.8543207627 3.15253241959 0 61 1
P 1.84432981499 12.9940057471 0 10 4
P 20.5629356538 8.70029579826 0 10 4
P 20.6424614415 20.4057638286 0 45 1
P 1.76480402721 1.28853771676 0 45 1
P 2.88250863749 20.9543411639 0 26 1
P 19.5247568313 0.739960381496 0 26 1
P 0.0 15.9379072923 0 43 1
P 22.4072654688 5.75639425308 0 43 1
P 3.17469813104 9.94558000135 0 68 1
P 19.2325673377 11.748721544 0 68 1
P 4.02332796398 21.6332930403 0 37 3
P 18.3839375048 0.0610085050699 0 37 3
