P 10.080101954 11.8216739965 0 80 3
P 18.6783368035 6.58516227359 1 100 5
P 1.48186710457 17.0581857195 2 100 5
P 6.78443904355 23.314515051 0 51 4
P 13.3757648645 0.328832942119 0 51 4
P 15.3254628328 19.3209896786 0 17 1
P 4.83474107526 4.32235831451 0 17 1
P 4.20273227647 7.90414243194 0 4 1
P 15.9574716316 15.7392055611 0 4 1
P 7.89396871733 11.5425654085 0 75 1
P 12.2662351907 12.1007825845 0 75 1
P 10.6040872204 23.6433479931 0 58 5
P 9.55611668763 0.0 0 58 5
P 17.7922778393 10.5858376896 0 29 4
P 2.36792606874 13.0575103035 0 29 4
P 20.1602039081 20.2918365719 0 35 2
P 0.0 3.3515114212 0 35 2
P 16.8775425924 20.4656667376 0 18 2
P 3.28266131562 3.17768125549 0 18 2
P 2.40818823153 20.4514161934 0 2 3
P 17.7520156765 3.19193179968 0 2 3
P 9.5667299038 10.1776775364 0 33 3
P 10.5934740043 13.4656704567 0 33 3
