P 10.6826436614 10.281782663 0 59 1
P 13.4480111414 0.0 1 100 5
P 7.91727618147 20.563565326 2 100 5
P 19.2346467597 4.76114304182 0 49 4
P 2.13064056316 15.8024222842 0 49 4
P 20.455551852 5.97957832177 0 4 4
P 0.909735470864 14.5839870043 0 4 4
P 21.3652873229 12.5260875528 0 69 5
P 0.0 8.03747777326 0 69 5
P 15.3844210517 15.1159745388 0 80 3
P 5.98086627122 5.44759078719 0 80 3
P 3.31780063336 2.84612130492 0 83 1
P 18.0474866895 17.7174440211 0 83 1
P 9.2650362685 13.4501663766 0 22 5
P 12.1002510544 7.11339894947 0 22 5
P 19.8809328468 2.88400349586 0 19 3
P 1.48435447607 17.6795618302 0 19 3
P 17.8616868233 13.8025767969 0 60 4
P 3.50360049958 6.76098852914 0 60 4
P 4.0556414621 0.257830470602 0 55 2
P 17.3096458608 20.3057348554 0 55 2
P 2.45955831602 4.4567118464 0 13 1
P 18.9057290069 16.1068534796 0 13 1
