P 11.0901342563 11.3716457075 0 144 2
P 6.0745188872 3.26180811245 1 100 5
P 16.1057496254 19.4814833026 2 100 5
P 0.420609742902 16.9706572342 0 55 1
P 21.7596587697 5.77263418083 0 55 1
P 22.1802685126 14.9083978415 0 64 1
P 0.0 7.83489357358 0 64 1
P 4.80983417482 12.3774550306 0 71 1
P 17.3704343378 10.3658363844 0 71 1
P 0.94472035101 13.8330346065 0 58 5
P 21.2355481616 8.91025680857 0 58 5
P 8.8615483601 18.1560545783 0 8 1
P 13.3187201525 4.58723683677 0 8 1
P 21.6324562139 1.77408212854 0 24 3
P 0.547812298708 20.9692092865 0 24 3
P 11.2964810253 0.954484192903 0 64 4
P 10.8837874873 21.7888072221 0 64 4
P 13.3950924451 7.27106612531 0 57 5
P 8.78517606754 15.4722252897 0 57 5
P 4.24036807692 0.0 0 5 3
P 17.9399004357 22.743291415 0 5 3
P 15.6512502572 20.9956688221 0 1 2
P 6.5290182554 1.74762259297 0 1 2
