P 11.8048640082 11.3439852895 0 57 5
P 2.96666796105 5.956024699 1 100 5
P 20.6430600554 16.7319458801 2 100 5
P 14.7790213694 0.873055612337 0 36 4
P 8.83070664708 21.8149149667 0 36 4
P 17.4849772221 20.5068813129 0 78 3
P 6.12475079437 2.18108926619 0 78 3
P 0.0 22.1702783449 0 69 3
P 23.6097280164 0.517692234167 0 69 3
P 7.27526299248 18.9843089806 0 18 4
P 16.334465024 3.70366159847 0 18 4
P 3.12631892472 0.0 0 76 4
P 20.4834090917 22.6879705791 0 76 4
P 16.9684220352 8.37708867719 0 66 5
P 6.64130598125 14.3108819019 0 66 5
P 17.9925971009 12.7554777929 0 14 3
P 5.61713091553 9.93249278617 0 14 3
P 20.4740989049 9.86041028566 0 22 1
P 3.13562911154 12.8275602934 0 22 1
P 5.94969042059 21.4076309288 0 23 4
P 17.6600375958 1.28033965027 0 23 4
P 13.8370500333 9.08190538463 0 86 5
P 9.77267798315 13.6060651944 0 86 5
