P 10.9382140012 10.6202238242 0 52 5
P 1.06802366898 16.1728279181 1 100 5
P 20.8084043335 5.06761973021 2 100 5
P 3.11775062024 8.67109876419 0 77 3
P 18.7586773823 12.5693488841 0 77 3
P 3.75351227223 13.1929615862 0 18 5
P 18.1229157303 8.04748606211 0 18 5
P 12.8710714878 9.98175226298 0 86 2
P 9.00535651471 11.2586953853 0 86 2
P 20.26221412 19.2777096829 0 80 3
P 1.61421388245 1.96273796546 0 80 3
P 0.0 9.9911118109 0 38 4
P 21.8764280025 11.2493358374 0 38 4
P 13.8006726167 0.222514093572 0 32 1
P 8.07575538578 21.0179335547 0 32 1
P 14.6906669512 4.85326329398 0 27 2
P 7.18576105132 16.3871843543 0 27 2
P 3.44373151012 21.2264139864 0 45 5
P 18.4326964924 0.0140336618955 0 45 5
P 19.4875061501 21.2404476483 0 33 5
P 2.38892185244 0.0 0 33 5
P 9.10391213019 18.7640336857 0 21 3
P 12.7725158723 2.47641396263 0 21 3
