P 11.4705866564 10.3786703118 0 136 1
P 18.3594313624 14.9393516096 1 100 5
P 4.58174195047 5.81798901397 2 100 5
P 15.3124686304 19.6904290191 0 48 3
P 7.6287046825 1.06691160439 0 48 3
P 2.61837891958 0.899826229662 0 28 5
P 20.3227943933 19.8575143939 0 28 5
P 9.52378539789 14.8002181493 0 86 2
P 13.417387915 5.95712247422 0 86 2
P 0.0 0.0 0 6 5
P 22.9411733129 20.7573406235 0 6 5
P 7.78115919107 10.3497371939 0 74 3
P 15.1600141218 10.4076034297 0 74 3
P 6.34624777683 11.0531050037 0 3 1
P 16.5949255361 9.70423561986 0 3 1
P 12.2157348249 14.9109000491 0 56 1
P 10.725438488 5.84644057443 0 56 1
P 2.53323941435 15.0256209172 0 79 4
P 20.4079338985 5.73171970635 0 79 4
P 2.0799662427 8.4241676228 0 38 3
P 20.8612070702 12.3331730007 0 38 3
P 17.5270798099 4.98788481234 0 40 2
P 5.414093503 15.7694558112 0 40 2
