P 11.5083000998 11.5849479505 0 78 5
P 23.0166001995 6.24058329203 1 100 5
P 0.0 16.929312609 2 100 5
P 21.4524252246 6.48908920042 0 65 1
P 1.56417497491 16.6808067006 0 65 1
P 3.89770435683 0.367757547216 0 26 5
P 19.1188958427 22.8021383538 0 26 5
P 22.6163663578 17.6693312357 0 27 4
P 0.40023384173 5.50056466533 0 27 4
P 21.7869703995 9.50617111142 0 10 4
P 1.22962980005 13.6637247896 0 10 4
P 2.00283009782 10.3513981336 0 89 5
P 21.0137701017 12.8184977674 0 89 5
P 7.78472544956 23.169895901 0 21 3
P 15.23187475 0.0 0 21 3
P 1.40894546787 2.37183131593 0 84 2
P 21.6076547317 20.7980645851 0 84 2
P 4.36112518567 9.25600833561 0 36 1
P 18.6554750139 13.9138875654 0 36 1
P 12.0379569328 14.9013300437 0 29 3
P 10.9786432668 8.26856585726 0 29 3
P 2.38306957544 15.4869324867 0 18 4
P 20.6335306241 7.68296341433 0 18 4
