P 9.92727585126 11.0977924707 0 119 2
P 7.01443825597 21.7115260194 1 100 5
P 12.8401134466 0.484058921973 2 100 5
P 4.89205631477 12.8252130507 0 18 2
P 14.9624953878 9.3703718907 0 18 2
P 6.11739581008 19.8779420553 0 57 2
P 13.7371558924 2.31764288609 0 57 2
P 1.05374625351 5.57803909961 0 75 1
P 18.800805449 16.6175458418 0 75 1
P 14.466287918 15.4833060874 0 68 2
P 5.38826378449 6.71227885394 0 68 2
P 0.631738982619 11.7803557091 0 47 3
P 19.2228127199 10.4152292323 0 47 3
P 1.74089509095 14.6187669522 0 54 4
P 18.1136566116 7.57681798915 0 54 4
P 9.20635894188 16.9001935228 0 64 2
P 10.6481927607 5.29539141859 0 64 2
P 19.3200949856 22.1955849414 0 50 1
P 0.534456716914 0.0 0 50 1
P 18.4257261068 2.55402148201 0 84 1
P 1.42882559574 19.6415634594 0 84 1
P 19.8545517025 3.65867115829 0 20 3
P 0.0 18.5369137831 0 20 3
