P 10.9145751698 9.86428342947 0 77 3
P 19.1971627605 2.38843006039 1 100 5
P 2.63198757917 17.3401367985 2 100 5
P 7.21198772937 13.254311189 0 59 1
P 14.6171626103 6.47425566992 0 59 1
P 9.26045677718 6.34374667773 0 89 4
P 12.5686935625 13.3848201812 0 89 4
P 6.21566643456 15.5777512518 0 82 1
P 15.6134839051 4.15081560708 0 82 1
P 14.1430428996 4.39499820082 0 1 3
P 7.68610744001 15.3335686581 0 1 3
P 0.0 8.43871244044 0 37 3
P 21.8291503397 11.2898544185 0 37 3
P 13.2869348689 10.9314621344 0 56 3
P 8.5422154708 8.7971047245 0 56 3
P 19.6130781692 7.26746332744 0 22 5
P 2.21607217045 12.4611035315 0 22 5
P 6.72297040404 7.66352826598 0 45 5
P 15.1061799356 12.0650385929 0 45 5
P 7.39727512194 0.0 0 86 3
P 14.4318752177 19.7285668589 0 86 3
P 10.7045289192 11.6428917381 0 9 4
P 11.1246214205 8.08567512082 0 9 4
