P 8.87298723158 10.5397810099 0 145 1
P 10.0121162565 15.3537712985 1 100 5
P 7.73385820663 5.72579072128 2 100 5
P 12.1329188949 8.69291595363 0 88 5
P 5.61305556824 12.3866460662 0 88 5
P 0.0223261559892 21.0795620198 0 80 1
P 17.7236483072 0.0 0 80 1
P 0.0 7.67993254445 0 61 1
P 17.7459744632 13.3996294754 0 61 1
P 2.82441197924 8.15371174711 0 12 3
P 14.9215624839 12.9258502727 0 12 3
P 1.12457147794 6.36972758938 0 21 2
P 16.6214029852 14.7098344304 0 21 2
P 6.02509434339 0.346509544371 0 66 5
P 11.7208801198 20.7330524754 0 66 5
P 5.73868901698 10.9545583847 0 42 1
P 12.0072854462 10.1250036352 0 42 1
P 11.1449582288 3.09123922575 0 78 3
P 6.60101623435 17.9883227941 0 78 3
P 1.34277366906 0.350040066779 0 69 2
P 16.4032007941 20.729521953 0 69 2
P 14.06455967 10.793758411 0 17 1
P 3.68141479319 10.2858036088 0 17 1
