P 10.9969535938 8.67353053492 0 23 1
P 8.34052400166 6.62074761787 1 100 5
P 13.653383186 10.726313452 2 100 5
P 3.17510472573 11.6375017644 0 51 2
P 18.8188024619 5.70955930544 0 51 2
P 17.3578570776 13.3649225899 0 80 2
P 4.63605011004 3.98213847991 0 80 2
P 12.6167713018 6.78057231301 0 39 2
P 9.3771358859 10.5664887568 0 39 2
P 0.392293411815 5.82024750756 0 31 3
P 21.6016137758 11.5268135623 0 31 3
P 0.0 11.5162478383 0 59 2
P 21.9939071877 5.83081323158 0 59 2
P 4.24239183085 0.0 0 15 3
P 17.7515153568 17.3470610698 0 15 3
P 15.2165204396 15.9232092867 0 67 2
P 6.77738674803 1.42385178315 0 67 2
P 15.8850174579 8.74375901512 0 77 1
P 6.1088897298 8.60330205472 0 77 1
P 10.0282856668 1.85434075784 0 41 1
P 11.9656215208 15.492720312 0 41 1
P 12.3343888284 8.54513915339 0 23 5
P 9.65951835928 8.80192191645 0 23 5
