P 11.5553874136 10.8354258186 0 133 2
P 12.4895876951 13.4663832937 1 100 5
P 10.621187132 8.20446834355 2 100 5
P 13.0810310282 0.935737128044 0 59 1
P 10.0297437989 20.7351145092 0 59 1
P 15.2630735946 9.14723280399 0 15 5
P 7.84770123256 12.5236188332 0 15 5
P 17.7350956267 4.89200774992 0 43 2
P 5.37567920045 16.7788438873 0 43 2
P 14.3918617635 20.2650654121 0 85 3
P 8.71891306361 1.40578622509 0 85 3
P 6.16034872108 21.6708516372 0 68 2
P 16.9504261061 0.0 0 68 2
P 0.0 2.66977613528 0 30 4
P 23.1107748271 19.0010755019 0 30 4
P 3.29359168533 6.02304951604 0 90 5
P 19.8171831418 15.6478021212 0 90 5
P 21.7694432938 18.0752862061 0 12 4
P 1.34133153337 3.59556543112 0 12 4
P 15.1358271742 5.31152428165 0 33 1
P 7.97494765295 16.3593273556 0 33 1
P 2.30578835979 8.2379049405 0 49 2
P 20.8049864673 13.4329466967 0 49 2
