P 10.857385072 11.3574751072 0 98 4
P 3.97695200839 0.0 1 100 5
P 17.7378181356 22.7149502143 2 100 5
P 6.95127540298 20.8873866946 0 87 1
P 14.763494741 1.82756351971 0 87 1
P 7.38304393733 6.3436794839 0 80 3
P 14.3317262066 16.3712707304 0 80 3
P 9.5549047677 21.1942024408 0 14 4
P 12.1598653763 1.52074777356 0 14 4
P 5.78292173319 10.3371422813 0 80 2
P 15.9318484108 12.3778079331 0 80 2
P 0.0 12.6061242082 0 77 1
P 21.714770144 10.1088260061 0 77 1
P 10.3950379133 2.57690607594 0 16 1
P 11.3197322307 20.1380441384 0 16 1
P 4.88611801755 6.29527884915 0 76 2
P 16.8286521264 16.4196713652 0 76 2
P 17.8104685313 0.973183017361 0 6 5
P 3.90430161264 21.741767197 0 6 5
P 1.32540527801 1.45261422189 0 12 1
P 20.389364866 21.2623359924 0 12 1
P 0.719482751056 22.0451090147 0 36 2
P 20.9952873929 0.669841199604 0 36 2
