P 11.6834649665 8.70575620435 0 62 2
P 8.93068676563 6.90432177999 1 100 5
P 14.4362431674 10.5071906287 2 100 5
P 18.8217454276 17.4115124087 0 76 2
P 4.5451845054 0.0 0 76 2
P 12.6315169675 11.0020220607 0 64 1
P 10.7354129656 6.40949034799 0 64 1
P 7.11763099964 0.199884129048 0 62 5
P 16.2492989334 17.2116282796 0 62 5
P 17.6392789918 7.16060944947 0 59 5
P 5.72765094125 10.2509029592 0 59 5
P 5.34712408246 7.30631931313 0 63 1
P 18.0198058506 10.1051930956 0 63 1
P 4.71214100762 17.0411314817 0 58 3
P 18.6547889254 0.370380926971 0 58 3
P 16.9367362934 2.97862170994 0 31 5
P 6.43019363964 14.4328906988 0 31 5
P 6.8441303834 15.8564967234 0 10 2
P 16.5227995496 1.55501568529 0 10 2
P 1.31529332308 17.2732536467 0 6 5
P 22.05163661 0.138258761962 0 6 5
P 23.366929933 16.6090141055 0 42 2
P 0.0 0.802498303233 0 42 2
