P 11.7479197956 11.9613515927 0 57 4
P 4.93767107336 7.55414870768 1 100 5
P 18.5581685179 16.3685544777 2 100 5
P 14.3170202602 15.749964626 0 28 2
P 9.17881933105 8.17273855938 0 28 2
P 13.4960987236 0.0 0 32 2
P 9.99974086764 23.9227031854 0 32 2
P 15.7947972563 17.173039963 0 25 3
P 7.70104233493 6.74966322243 0 25 3
P 9.40682488054 1.49849828123 0 27 4
P 14.0890147107 22.4242049042 0 27 4
P 1.72186109611 0.409380238269 0 57 3
P 21.7739784952 23.5133229471 0 57 3
P 9.9787256544 21.2501949544 0 11 2
P 13.5171139369 2.67250823095 0 11 2
P 0.0 6.0274715909 0 41 3
P 23.4958395913 17.8952315945 0 41 3
P 4.2264595945 9.80124540043 0 43 3
P 19.2693799968 14.121457785 0 43 3
P 16.4931747264 10.805592308 0 73 2
P 7.00266486492 13.1171108774 0 73 2
P 8.50007752138 17.5957753706 0 19 2
P 14.9957620699 6.32692781484 0 19 2
