P 11.8156699563 11.1841016105 0 19 5
P 18.5357923635 22.2548637502 1 100 5
P 5.09554754912 0.11333947078 2 100 5
P 3.24055320044 5.11772772353 0 14 1
P 20.3907867122 17.2504754974 0 14 1
P 20.0768091424 7.00096790663 0 19 3
P 3.55453077022 15.3672353143 0 19 3
P 16.6704763989 15.2909185604 0 30 4
P 6.96086351366 7.07728466055 0 30 4
P 19.6232163303 9.12165993043 0 12 3
P 4.00812358229 13.2465432905 0 12 3
P 5.44000281647 18.9962488197 0 78 4
P 18.1913370961 3.3719544012 0 78 4
P 14.0935919663 3.66482453557 0 79 3
P 9.53774794629 18.7033786854 0 79 3
P 23.1538433901 16.0392553967 0 56 1
P 0.477496522505 6.32894782425 0 56 1
P 9.95592209034 1.20759432229 0 25 1
P 13.6754178223 21.1606088986 0 25 1
P 9.15005199171 15.3495494208 0 60 4
P 14.4812879209 7.01865380018 0 60 4
P 23.6313399126 22.3682032209 0 56 1
P 0.0 0.0 0 56 1
