P 11.5161805373 10.4994321109 0 5 5
P 23.0323610746 3.72729752445 1 100 5
P 0.0 17.2715666974 2 100 5
P 14.1158659072 16.5457541372 0 42 5
P 8.9164951674 4.45311008461 0 42 5
P 2.49667785955 5.33979335511 0 52 5
P 20.535683215 15.6590708667 0 52 5
P 16.3135715425 7.77832478933 0 67 4
P 6.71878953205 13.2205394325 0 67 4
P 1.32148523574 20.9988642218 0 39 3
P 21.7108758388 0.0 0 39 3
P 20.0528989528 19.1919019478 0 71 5
P 2.97946212176 1.80696227398 0 71 5
P 22.8274100666 11.5360729447 0 9 4
P 0.204951007988 9.46279127715 0 9 4
P 3.00625563498 10.5975511363 0 33 3
P 20.0261054396 10.4013130856 0 33 3
P 12.244981991 19.5248892263 0 78 3
P 10.7873790836 1.47397499548 0 78 3
P 18.3735835903 3.11863719914 0 10 4
P 4.65877748423 17.8802270227 0 10 4
P 19.1484549493 15.8680076258 0 13 1
P 3.88390612522 5.13085659603 0 13 1
