P 11.9867435243 10.807330328 0 142 1
P 15.2177716596 0.77529317351 1 100 5
P 8.75571538895 20.8393674825 2 100 5
P 21.7605672853 21.6146606561 0 46 5
P 2.21291976333 0.0 0 46 5
P 16.3621493036 12.6849666082 0 47 2
P 7.611337745 8.92969404789 0 47 2
P 6.22001353564 11.2929877788 0 72 2
P 17.7534735129 10.3216728773 0 72 2
P 6.24906243099 14.8498106855 0 87 5
P 17.7244246176 6.76484997057 0 87 5
P 14.4051396739 9.57373118125 0 4 3
P 9.5683473747 12.0409294748 0 4 3
P 10.4288710661 0.167778556295 0 38 3
P 13.5446159825 21.4468820998 0 38 3
P 9.1439228649 5.22976972979 0 25 4
P 14.8295641837 16.3848909263 0 25 4
P 6.18403960561 17.2308385128 0 70 4
P 17.789447443 4.38382214322 0 70 4
P 22.5809124727 13.3655942787 0 24 4
P 1.39257457584 8.24906637732 0 24 4
P 23.9734870486 18.5339899302 0 11 3
P 0.0 3.08067072589 0 11 3
