P 11.8219216384 10.631409855 0 75 4
P 6.92991979667 0.0 1 100 5
P 16.7139234802 21.2628197101 2 100 5
P 23.6438432768 19.8324769333 0 80 5
P 0.0 1.43034277681 0 80 5
P 15.5034404932 1.07619026004 0 39 3
P 8.14040278368 20.18662945 0 39 3
P 16.3715961646 10.4295995146 0 31 2
P 7.27224711225 10.8332201955 0 31 2
P 12.7929552195 12.716794245 0 68 4
P 10.8508880573 8.54602546507 0 68 4
P 17.7938825495 19.1175516034 0 82 5
P 5.84996072734 2.14526810668 0 82 5
P 18.5069337012 17.3115644483 0 79 2
P 5.13690957567 3.95125526182 0 79 2
P 12.4154662651 16.6733412547 0 4 2
P 11.2283770117 4.58947845539 0 4 2
P 3.97852540663 2.79591120859 0 48 1
P 19.6653178702 18.4669085015 0 48 1
P 16.7247971553 19.88473375 0 5 1
P 6.91904612159 1.37808596008 0 5 1
P 11.959735057 15.5700134793 0 23 1
P 11.6841082199 5.69280623082 0 23 1
