P 11.9291426505 11.3209005725 0 57 0
P 10.3085823522 2.88163228965 1 100 5
P 13.5497029489 19.7601688554 2 100 5
P 23.3364550697 17.7489664886 0 44 1
P 0.521830231328 4.89283465641 0 44 1
P 2.25409990442 0.0 0 59 1
P 21.6041853966 22.641801145 0 59 1
P 19.4811695593 9.8275726572 0 46 1
P 4.37711574179 12.8142284878 0 46 1
P 19.0084834619 18.8859883823 0 66 4
P 4.84980183914 3.7558127627 0 66 4
P 11.0303475051 14.4191526517 0 89 3
P 12.827937796 8.22264849331 0 89 3
P 8.08823857151 3.1076917015 0 29 2
P 15.7700467296 19.5341094435 0 29 2
P 15.1645531849 10.8338002197 0 1 4
P 8.69373211618 11.8080009253 0 1 4
P 23.8582853011 16.0021711362 0 86 3
P 0.0 6.63963000882 0 86 3
P 20.7743056643 0.0863727572623 0 76 2
P 3.08397963676 22.5554283878 0 76 2
P 15.116773136 17.212585032 0 22 2
P 8.7415121651 5.42921611302 0 22 2
