P 11.7718013476 11.3505826488 0 20 4
P 4.63512030308 12.1910676238 1 100 5
P 18.908482392 10.5100976738 2 100 5
P 0.0 9.85712639829 0 12 1
P 23.5436026951 12.8440388993 0 12 1
P 3.55741573949 14.0301687234 0 20 3
P 19.9861869556 8.67099657417 0 20 3
P 6.98538866091 10.9462189 0 6 3
P 16.5582140342 11.7549463976 0 6 3
P 13.1496028364 7.61417310715 0 76 3
P 10.3939998587 15.0869921904 0 76 3
P 21.462893677 21.0672465664 0 72 3
P 2.08070901812 1.63391873121 0 72 3
P 20.2752530906 22.4970771592 0 30 1
P 3.26834960447 0.204088138379 0 30 1
P 19.3894291376 6.17674771056 0 29 4
P 4.15417355749 16.524417587 0 29 4
P 10.2423616491 7.40853528445 0 37 1
P 13.301241046 15.2926300131 0 37 1
P 17.6642635054 0.0 0 20 1
P 5.87933918967 22.7011652976 0 20 1
P 12.9856505858 12.2887108554 0 2 3
P 10.5579521093 10.4124544422 0 2 3
