P 11.7535790221 11.3744450726 0 3 4
P 4.94504390809 10.1545811827 1 100 5
P 18.5621141362 12.5943089626 2 100 5
P 7.22620541265 0.0 0 77 4
P 16.2809526316 22.7488901452 0 77 4
P 18.6571961587 13.9820578477 0 5 1
P 4.84996188557 8.76683229753 0 5 1
P 21.0368458197 14.5324308241 0 48 5
P 2.47031222461 8.21645932111 0 48 5
P 2.81743374744 16.1431345583 0 36 2
P 20.6897242968 6.60575558693 0 36 2
P 13.4884620671 6.52555483735 0 13 3
P 10.0186959772 16.2233353079 0 13 3
P 13.6842139654 16.8703897839 0 53 3
P 9.8229440789 5.87850036138 0 53 3
P 11.8702378786 0.279657518223 0 71 4
P 11.6369201656 22.469232627 0 71 4
P 0.0 22.4069633374 0 40 5
P 23.5071580443 0.341926807882 0 40 5
P 20.5844283717 10.2334284198 0 68 3
P 2.92272967263 12.5154617254 0 68 3
P 7.57163629808 9.45826935212 0 41 4
P 15.9355217462 13.2906207931 0 41 4
