P 10.1911466087 11.8424597729 0 69 0
P 16.2199734149 10.1339419447 1 100 5
P 4.16231980247 13.5509776011 2 100 5
P 10.9470194155 14.5792048452 0 47 5
P 9.4352738019 9.1057147007 0 47 5
P 9.08088222326 2.78415238654 0 11 2
P 11.3014109941 20.9007671593 0 11 2
P 11.915772407 22.3540654041 0 52 4
P 8.4665208104 1.33085414174 0 52 4
P 4.08737539058 3.31189199816 0 20 3
P 16.2949178268 20.3730275477 0 20 3
P 18.2250005136 20.6002894866 0 26 3
P 2.15729270383 3.08463005928 0 26 3
P 18.7931166893 23.3801688634 0 64 1
P 1.58917652813 0.304750682497 0 64 1
P 5.86747559098 14.2882487157 0 23 3
P 14.5148176264 9.39667083021 0 23 3
P 20.3822932174 0.0 0 79 1
P 0.0 23.6849195459 0 79 1
P 3.73632294422 6.82197486892 0 61 3
P 16.6459702732 16.862944677 0 61 3
P 4.99412933197 19.6090176974 0 15 3
P 15.3881638854 4.07590184842 0 15 3
