P 10.2220157086 10.6149096803 0 115 3
P 10.2103779812 20.8035702202 1 100 5
P 10.2336534361 0.426249140451 2 100 5
P 12.6523452647 19.8425975979 0 89 4
P 7.7916861525 1.38722176274 0 89 4
P 7.55331213736 2.99911282146 0 59 3
P 12.8907192799 18.2307065391 0 59 3
P 5.50623138501 14.4415109791 0 60 4
P 14.9378000322 6.78830838149 0 60 4
P 16.1208374634 12.6689635193 0 39 1
P 4.3231939538 8.56085584134 0 39 1
P 15.1756721087 14.1668571198 0 75 5
P 5.26835930858 7.06296224077 0 75 5
P 4.81286333516 19.33831523 0 85 4
P 15.6311680821 1.89150413065 0 85 4
P 3.79360665362 16.2192869887 0 43 4
P 16.6504247636 5.01053237194 0 43 4
P 14.7369484648 0.0 0 29 5
P 5.70708295248 21.2298193606 0 29 5
P 0.0 4.62308536087 0 66 1
P 20.4440314172 16.6067339997 0 66 1
P 11.3420353269 1.34699502434 0 12 1
P 9.1019960903 19.8828243363 0 12 1
