P 10.3502546825 11.7059814742 0 54 2
P 12.1646105456 1.06532445051 1 100 5
P 8.53589881946 22.346638498 2 100 5
P 13.7735344622 22.5521195275 0 29 5
P 6.92697490289 0.859843420947 0 29 5
P 13.8818965961 20.2668097723 0 35 4
P 6.81861276898 3.1451531762 0 35 4
P 2.06926128794 13.3670030434 0 26 3
P 18.6312480772 10.0449599051 0 26 3
P 16.9907046726 20.2421617065 0 34 3
P 3.70980469252 3.16980124196 0 34 3
P 18.7257758925 18.0308774876 0 38 1
P 1.97473347259 5.38108546088 0 38 1
P 16.3356967555 4.89322050297 0 7 3
P 4.36481260959 18.5187424455 0 7 3
P 5.97456352315 6.16502731388 0 22 2
P 14.7259458419 17.2469356346 0 22 2
P 19.6421577084 15.1540333794 0 85 3
P 1.05835165669 8.25792956909 0 85 3
P 3.15606748656 21.6105787573 0 26 4
P 17.5444418785 1.80138419119 0 26 4
P 0.0 0.0 0 42 4
P 20.7005093651 23.4119629485 0 42 4
