P 11.3633116764 11.5246337169 0 56 5
P 15.0083831095 3.32314593147 1 100 5
P 7.71824024324 19.7261215023 2 100 5
P 12.4435963245 18.5293894372 0 49 5
P 10.2830270282 4.51987799661 0 49 5
P 20.7913762705 15.5631667626 0 78 3
P 1.9352470823 7.48610067116 0 78 3
P 9.22157500223 8.98565429345 0 81 2
P 13.5050483505 14.0636131403 0 81 2
P 7.95784470977 12.5460989823 0 19 3
P 14.768778643 10.5031684515 0 19 3
P 6.85599936432 6.33567584114 0 7 3
P 15.8706239884 16.7135915927 0 7 3
P 11.7011072073 16.908711401 0 67 1
P 11.0255161455 6.14055603276 0 67 1
P 4.40189888223 18.6577138918 0 64 1
P 18.3247244705 4.39155354199 0 64 1
P 1.74122409975 11.4481463271 0 3 4
P 20.985399253 11.6011211067 0 3 4
P 22.7266233528 0.0 0 37 2
P 0.0 23.0492674338 0 37 2
P 16.8478502737 6.23913726296 0 11 3
P 5.87877307903 16.8101301708 0 11 3
