P 10.4603169924 10.830305553 0 18 3
P 4.71422958912 3.97950630681 1 100 5
P 16.2064043957 17.6811047991 2 100 5
P 7.35226001652 6.26280927454 0 90 4
P 13.5683739683 15.3978018314 0 90 4
P 0.0 1.09087301518 0 63 3
P 20.9206339848 20.5697380907 0 63 3
P 16.4747265641 12.1982085438 0 35 1
P 4.44590742072 9.46240256215 0 35 1
P 12.9758895928 21.6606111059 0 72 2
P 7.94474439202 0.0 0 72 2
P 12.3764224788 13.0487298889 0 87 5
P 8.54421150597 8.61188121703 0 87 5
P 3.76318762909 15.7807740061 0 67 4
P 17.1574463557 5.87983709983 0 67 4
P 4.973275946 1.16016595847 0 65 3
P 15.9473580388 20.5004451475 0 65 3
P 2.90096885652 17.7852971426 0 8 3
P 18.0196651283 3.87531396329 0 8 3
P 13.9805222505 3.71034496008 0 72 2
P 6.94011173428 17.9502661459 0 72 2
P 18.674311265 15.6648795491 0 16 4
P 2.24632271981 5.99573155688 0 16 4
