P 11.7117708654 10.6947196087 0 66 3
P 10.7847988615 6.71544966697 1 100 5
P 12.6387428693 14.6739895505 2 100 5
P 14.077147586 16.66078312 0 21 1
P 9.34639414481 4.72865609748 0 21 1
P 8.80199180505 18.1194062344 0 41 1
P 14.6215499258 3.27003298309 0 41 1
P 20.2645817317 18.8774260624 0 15 2
P 3.1589599991 2.51201315513 0 15 2
P 23.4235417308 6.20236172569 0 51 2
P 0.0 15.1870774918 0 51 2
P 12.0720648021 2.21487405238 0 5 2
P 11.3514769288 19.1745651651 0 5 2
P 6.53871423528 7.25848077492 0 8 2
P 16.8848274956 14.1309584426 0 8 2
P 20.8943095696 17.1792401559 0 6 1
P 2.52923216126 4.21019906158 0 6 1
P 1.57987442539 5.80409680534 0 33 5
P 21.8436673055 15.5853424122 0 33 5
P 22.0587667575 18.5533583743 0 84 4
P 1.36477497336 2.83608084322 0 84 4
P 8.51097648615 0.0 0 4 1
P 14.9125652447 21.3894392175 0 4 1
