P 11.6167860655 11.62587652 0 131 3
P 16.7629063729 9.68505938348 1 100 5
P 6.47066575818 13.5666936565 2 100 5
P 9.38303209106 23.2517530399 0 65 5
P 13.85054004 0.0 0 65 5
P 17.6709245442 13.679311497 0 38 1
P 5.56264758684 9.57244154289 0 38 1
P 9.13334143714 1.00692911641 0 88 4
P 14.1002306939 22.2448239235 0 88 4
P 22.4276971735 10.4878191413 0 39 3
P 0.805874957511 12.7639338986 0 39 3
P 1.822378303 1.82741521589 0 2 3
P 21.411193828 21.424337824 0 2 3
P 1.44078779556 6.11173812888 0 68 5
P 21.7927843355 17.1400149111 0 68 5
P 0.0 22.6134575298 0 47 1
P 23.233572131 0.638295510176 0 47 1
P 2.74520080783 14.3831447577 0 29 2
P 20.4883713232 8.86860828224 0 29 2
P 23.1381767163 16.701114856 0 68 1
P 0.0953954147547 6.55063818396 0 68 1
P 16.967762124 17.9448262821 0 48 5
P 6.26581000705 5.30692675783 0 48 5
