P 9.03882543581 11.8905305654 0 89 1
P 6.90021507155 15.4013626048 1 100 5
P 11.1774358001 8.37969852603 2 100 5
P 16.5457124724 18.4809253864 0 65 1
P 1.53193839922 5.30013574447 0 65 1
P 3.97911661909 0.467943801414 0 35 3
P 14.0985342525 23.3131173294 0 35 3
P 16.953182603 2.71788584209 0 45 2
P 1.12446826868 21.0631752888 0 45 2
P 18.0776508716 18.8359064309 0 38 2
P 0.0 4.94515469998 0 38 2
P 12.3591436972 22.6723993309 0 83 2
P 5.71850717439 1.10866179993 0 83 2
P 5.20738293902 10.6586099072 0 69 2
P 12.8702679326 13.1224512237 0 69 2
P 5.37995912137 6.63385059258 0 72 1
P 12.6976917503 17.1472105383 0 72 1
P 5.33797605498 0.0 0 55 2
P 12.7396748166 23.7810611308 0 55 2
P 13.9562547497 19.931846458 0 4 3
P 4.1213961219 3.84921467283 0 4 3
P 10.6192977195 1.61143254565 0 62 3
P 7.45835315208 22.1696285852 0 62 3
