P 10.5504413056 11.9100584674 0 106 2
P 17.3001433067 11.3715725598 1 100 5
P 3.80073930447 12.448544375 2 100 5
P 5.52770760419 22.8085950197 0 22 5
P 15.573175007 1.01152191513 0 22 5
P 6.78681489643 19.3641868314 0 16 3
P 14.3140677147 4.45593010341 0 16 3
P 8.06934832952 22.0463286107 0 3 2
P 13.0315342817 1.7737883241 0 3 2
P 13.8633619654 9.60201786198 0 10 4
P 7.23752064578 14.2180990728 0 10 4
P 1.74206877445 0.0 0 35 3
P 19.3588138367 23.8201169348 0 35 3
P 18.8469482352 6.53370834635 0 54 4
P 2.25393437596 17.2864085884 0 54 4
P 20.5250974055 6.53957868406 0 6 1
P 0.575785205705 17.2805382507 0 6 1
P 11.4528572971 3.80669921546 0 69 3
P 9.64802531409 20.0134177193 0 69 3
P 2.94180768501 2.35425967294 0 9 5
P 18.1590749262 21.4658572619 0 9 5
P 21.1008826112 3.82050123057 0 69 5
P 0.0 19.9996157042 0 69 5
