P 11.8672063299 10.2933203803 0 18 0
P 13.4624243567 7.44303782035 1 100 5
P 10.2719883031 13.1436029402 2 100 5
P 9.98857138964 9.55938906695 0 78 2
P 13.7458412701 11.0272516936 0 78 2
P 14.5862324626 14.9778788945 0 87 4
P 9.14818019713 5.60876186603 0 87 4
P 23.7344126598 1.49130992176 0 30 5
P 0.0 19.0953308387 0 30 5
P 19.7252454623 3.7025608343 0 14 1
P 4.00916719746 16.8840799262 0 14 1
P 12.4180202895 0.0 0 18 4
P 11.3163923703 20.5866407605 0 18 4
P 3.06732589502 10.695702434 0 56 2
P 20.6670867648 9.89093832646 0 56 2
P 6.44558888554 3.91635743884 0 86 5
P 17.2888237742 16.6702833217 0 86 5
P 1.59540816561 2.5315953533 0 8 2
P 22.1390044942 18.0550454072 0 8 2
P 19.6706306115 12.119010274 0 34 1
P 4.06378204829 8.46763048646 0 34 1
P 17.9216728352 14.0968362647 0 73 1
P 5.81273982461 6.48980449584 0 73 1
