P 11.3033314869 11.8631801668 0 38 1
P 10.4287597179 1.62868532634 1 100 5
P 12.1779032558 22.0976750073 2 100 5
P 9.23213230871 11.5870889982 0 90 3
P 13.374530665 12.1392713354 0 90 3
P 4.45594860043 4.15528636386 0 33 1
P 18.1507143733 19.5710739697 0 33 1
P 0.634140981425 15.254868539 0 5 5
P 21.9725219923 8.47149179462 0 5 5
P 17.2872856773 18.4826438801 0 9 5
P 5.31937729642 5.24371645353 0 9 5
P 1.9336765624 20.8935600048 0 66 4
P 20.6729864113 2.83280032879 0 66 4
P 15.4258172255 5.15184644945 0 41 1
P 7.18084574821 18.5745138841 0 41 1
P 22.517172898 12.6468447316 0 76 2
P 0.0894900756912 11.079515602 0 76 2
P 13.1525652147 9.33031879143 0 9 3
P 9.45409775898 14.3960415422 0 9 3
P 22.6066629737 23.7263603336 0 17 5
P 0.0 0.0 0 17 5
P 5.54468553445 2.6184784178 0 76 5
P 17.0619774393 21.1078819158 0 76 5
