P 11.9876300334 11.5761546194 0 52 5
P 3.29666409255 8.62584450108 1 100 5
P 20.6785959743 14.5264647377 2 100 5
P 12.5172101888 16.0066693628 0 78 5
P 11.4580498781 7.14563987596 0 78 5
P 5.45152133646 1.91327368513 0 67 5
P 18.5237387304 21.2390355536 0 67 5
P 19.4389222475 13.7081178057 0 40 2
P 4.5363378193 9.44419143303 0 40 2
P 1.19021189687 22.1716109203 0 6 4
P 22.78504817 0.980698318433 0 6 4
P 10.3332295071 10.3005841334 0 56 4
P 13.6420305597 12.8517251053 0 56 4
P 14.8325549584 0.0 0 54 5
P 9.1427051084 23.1523092388 0 54 5
P 0.0 2.63498757685 0 15 2
P 23.9752600668 20.5173216619 0 15 2
P 8.03637324892 7.13481741829 0 35 4
P 15.9388868179 16.0174918205 0 35 4
P 1.6910643383 0.94782035017 0 52 1
P 22.2841957285 22.2044888886 0 52 1
P 11.3530566133 0.433646221878 0 29 2
P 12.6222034535 22.7186630169 0 29 2
